game,boxscore_visitor_name,boxscore_home_name,final score,visitorFinalScore,homeFinalScore,visitorRecord,homeRecord,gameDate,outcome,attendance,gameLocation,gameTime,Time Remaining,Away Team,Away Team Score,Home Team Score,Home Team,Point Differential,Period,Home Play Type,Home Shot Good,Home Shots Taken,Home 3PTRs Taken,Home Shooting PCT,Home 3PTRs PCT,Away Play Type,Away Shot Good,Away Shots Taken,Away 3PTRs Taken,Away Shooting PCT,Away 3PTRs PCT,Time Remaining Mins,Time Remaining Secs
28,Berry,Centre,69-72,69,72,"19-9,8-6 SAA","24-4,11-3 SAA",03/01/20,Win,798,No Location Recorded,1:00 PM,19:46,"FOUL  by HAYNES,CALEB",0,0,,0,1,foul,,0,0,,,,,0,0,,,39,2386
28,Berry,Centre,69-72,69,72,"19-9,8-6 SAA","24-4,11-3 SAA",03/01/20,Win,798,No Location Recorded,1:00 PM,19:46,"TURNOVER  by HAYNES,CALEB",0,0,,0,1,,,0,0,,,,,0,0,,,39,2386
28,Berry,Centre,69-72,69,72,"19-9,8-6 SAA","24-4,11-3 SAA",03/01/20,Win,798,No Location Recorded,1:00 PM,19:24,,0,2,"GOOD JUMPER by AYERS,PERRY",2,1,,,0,0,,,jumper,good,1,0,1.0,,39,2364
28,Berry,Centre,69-72,69,72,"19-9,8-6 SAA","24-4,11-3 SAA",03/01/20,Win,798,No Location Recorded,1:00 PM,19:15,"MISS 3PTR by HASLAM,ETHAN",0,2,,2,1,3ptr,miss,1,1,0.0,0.0,,,1,0,1.0,,39,2355
28,Berry,Centre,69-72,69,72,"19-9,8-6 SAA","24-4,11-3 SAA",03/01/20,Win,798,No Location Recorded,1:00 PM,19:15,"REBOUND OFF by JONES,DREW",0,2,,2,1,,,1,1,0.0,0.0,,,1,0,1.0,,39,2355
28,Berry,Centre,69-72,69,72,"19-9,8-6 SAA","24-4,11-3 SAA",03/01/20,Win,798,No Location Recorded,1:00 PM,19:06,"TURNOVER  by JOHNSON,MICAH",0,2,,2,1,,,1,1,0.0,0.0,,,1,0,1.0,,39,2346
28,Berry,Centre,69-72,69,72,"19-9,8-6 SAA","24-4,11-3 SAA",03/01/20,Win,798,No Location Recorded,1:00 PM,19:06,,0,2,"STEAL  by RAKES,BAILEY",2,1,,,1,1,0.0,0.0,,,1,0,1.0,,39,2346
28,Berry,Centre,69-72,69,72,"19-9,8-6 SAA","24-4,11-3 SAA",03/01/20,Win,798,No Location Recorded,1:00 PM,18:56,,0,4,"GOOD LAYUP by WALKER,ART(in the paint)",4,1,,,1,1,0.0,0.0,layup,good,2,0,1.0,,38,2336
28,Berry,Centre,69-72,69,72,"19-9,8-6 SAA","24-4,11-3 SAA",03/01/20,Win,798,No Location Recorded,1:00 PM,18:56,,0,4,"ASSIST  by BAUGHMAN,CARTER",4,1,,,1,1,0.0,0.0,,,2,0,1.0,,38,2336
28,Berry,Centre,69-72,69,72,"19-9,8-6 SAA","24-4,11-3 SAA",03/01/20,Win,798,No Location Recorded,1:00 PM,18:42,"MISS 3PTR by JONES,DREW",0,4,,4,1,3ptr,miss,2,2,0.0,0.0,,,2,0,1.0,,38,2322
28,Berry,Centre,69-72,69,72,"19-9,8-6 SAA","24-4,11-3 SAA",03/01/20,Win,798,No Location Recorded,1:00 PM,18:42,"REBOUND OFF by JOHNSON,MICAH",0,4,,4,1,,,2,2,0.0,0.0,,,2,0,1.0,,38,2322
28,Berry,Centre,69-72,69,72,"19-9,8-6 SAA","24-4,11-3 SAA",03/01/20,Win,798,No Location Recorded,1:00 PM,18:39,,0,4,"FOUL  by BATES,JACOB",4,1,,,2,2,0.0,0.0,foul,,2,0,1.0,,38,2319
28,Berry,Centre,69-72,69,72,"19-9,8-6 SAA","24-4,11-3 SAA",03/01/20,Win,798,No Location Recorded,1:00 PM,18:39,,0,4,"SUB IN by SPITZER,JAKOB",4,1,,,2,2,0.0,0.0,,,2,0,1.0,,38,2319
28,Berry,Centre,69-72,69,72,"19-9,8-6 SAA","24-4,11-3 SAA",03/01/20,Win,798,No Location Recorded,1:00 PM,18:39,,0,4,"SUB OUT by BATES,JACOB",4,1,,,2,2,0.0,0.0,,,2,0,1.0,,38,2319
28,Berry,Centre,69-72,69,72,"19-9,8-6 SAA","24-4,11-3 SAA",03/01/20,Win,798,No Location Recorded,1:00 PM,18:22,"TURNOVER  by JOHNSON,MICAH",0,4,,4,1,,,2,2,0.0,0.0,,,2,0,1.0,,38,2302
28,Berry,Centre,69-72,69,72,"19-9,8-6 SAA","24-4,11-3 SAA",03/01/20,Win,798,No Location Recorded,1:00 PM,18:07,,0,7,"GOOD 3PTR by AYERS,PERRY",7,1,,,2,2,0.0,0.0,3ptr,good,3,1,1.0,1.0,38,2287
28,Berry,Centre,69-72,69,72,"19-9,8-6 SAA","24-4,11-3 SAA",03/01/20,Win,798,No Location Recorded,1:00 PM,17:51,"MISS 3PTR by JONES,DREW",0,7,,7,1,3ptr,miss,3,3,0.0,0.0,,,3,1,1.0,1.0,37,2271
28,Berry,Centre,69-72,69,72,"19-9,8-6 SAA","24-4,11-3 SAA",03/01/20,Win,798,No Location Recorded,1:00 PM,17:51,,0,7,"REBOUND DEF by RAKES,BAILEY",7,1,,,3,3,0.0,0.0,,,3,1,1.0,1.0,37,2271
28,Berry,Centre,69-72,69,72,"19-9,8-6 SAA","24-4,11-3 SAA",03/01/20,Win,798,No Location Recorded,1:00 PM,17:38,,0,10,"GOOD 3PTR by AYERS,PERRY",10,1,,,3,3,0.0,0.0,3ptr,good,4,2,1.0,1.0,37,2258
28,Berry,Centre,69-72,69,72,"19-9,8-6 SAA","24-4,11-3 SAA",03/01/20,Win,798,No Location Recorded,1:00 PM,17:35,TIMEOUT 30SEC by TEAM,0,10,,10,1,,,3,3,0.0,0.0,,,4,2,1.0,1.0,37,2255
28,Berry,Centre,69-72,69,72,"19-9,8-6 SAA","24-4,11-3 SAA",03/01/20,Win,798,No Location Recorded,1:00 PM,17:10,"MISS 3PTR by HASLAM,ETHAN",0,10,,10,1,3ptr,miss,4,4,0.0,0.0,,,4,2,1.0,1.0,37,2230
28,Berry,Centre,69-72,69,72,"19-9,8-6 SAA","24-4,11-3 SAA",03/01/20,Win,798,No Location Recorded,1:00 PM,17:10,,0,10,"REBOUND DEF by BAUGHMAN,CARTER",10,1,,,4,4,0.0,0.0,,,4,2,1.0,1.0,37,2230
28,Berry,Centre,69-72,69,72,"19-9,8-6 SAA","24-4,11-3 SAA",03/01/20,Win,798,No Location Recorded,1:00 PM,17:01,,0,13,"GOOD 3PTR by BAUGHMAN,CARTER",13,1,,,4,4,0.0,0.0,3ptr,good,5,3,1.0,1.0,37,2221
28,Berry,Centre,69-72,69,72,"19-9,8-6 SAA","24-4,11-3 SAA",03/01/20,Win,798,No Location Recorded,1:00 PM,17:01,,0,13,"ASSIST  by WALKER,ART",13,1,,,4,4,0.0,0.0,,,5,3,1.0,1.0,37,2221
28,Berry,Centre,69-72,69,72,"19-9,8-6 SAA","24-4,11-3 SAA",03/01/20,Win,798,No Location Recorded,1:00 PM,16:38,"FOUL  by JOHNSON,MICAH",0,13,,13,1,foul,,4,4,0.0,0.0,,,5,3,1.0,1.0,36,2198
28,Berry,Centre,69-72,69,72,"19-9,8-6 SAA","24-4,11-3 SAA",03/01/20,Win,798,No Location Recorded,1:00 PM,16:38,"TURNOVER  by JOHNSON,MICAH",0,13,,13,1,,,4,4,0.0,0.0,,,5,3,1.0,1.0,36,2198
28,Berry,Centre,69-72,69,72,"19-9,8-6 SAA","24-4,11-3 SAA",03/01/20,Win,798,No Location Recorded,1:00 PM,16:38,"SUB IN by WEHUNT,DAWSON",0,13,,13,1,,,4,4,0.0,0.0,,,5,3,1.0,1.0,36,2198
28,Berry,Centre,69-72,69,72,"19-9,8-6 SAA","24-4,11-3 SAA",03/01/20,Win,798,No Location Recorded,1:00 PM,16:38,"SUB OUT by ESTES,DJ",0,13,,13,1,,,4,4,0.0,0.0,,,5,3,1.0,1.0,36,2198
28,Berry,Centre,69-72,69,72,"19-9,8-6 SAA","24-4,11-3 SAA",03/01/20,Win,798,No Location Recorded,1:00 PM,16:28,,0,13,"MISS 3PTR by AYERS,PERRY",13,1,,,4,4,0.0,0.0,3ptr,miss,6,4,0.833,0.75,36,2188
28,Berry,Centre,69-72,69,72,"19-9,8-6 SAA","24-4,11-3 SAA",03/01/20,Win,798,No Location Recorded,1:00 PM,16:28,"REBOUND DEF by JOHNSON,MICAH",0,13,,13,1,,,4,4,0.0,0.0,,,6,4,0.833,0.75,36,2188
28,Berry,Centre,69-72,69,72,"19-9,8-6 SAA","24-4,11-3 SAA",03/01/20,Win,798,No Location Recorded,1:00 PM,16:18,,0,13,"FOUL  by RAKES,BAILEY",13,1,,,4,4,0.0,0.0,foul,,6,4,0.833,0.75,36,2178
28,Berry,Centre,69-72,69,72,"19-9,8-6 SAA","24-4,11-3 SAA",03/01/20,Win,798,No Location Recorded,1:00 PM,16:18,"SUB IN by HONROTH,OWEN",0,13,,13,1,,,4,4,0.0,0.0,,,6,4,0.833,0.75,36,2178
28,Berry,Centre,69-72,69,72,"19-9,8-6 SAA","24-4,11-3 SAA",03/01/20,Win,798,No Location Recorded,1:00 PM,16:18,"SUB OUT by HASLAM,ETHAN",0,13,,13,1,,,4,4,0.0,0.0,,,6,4,0.833,0.75,36,2178
28,Berry,Centre,69-72,69,72,"19-9,8-6 SAA","24-4,11-3 SAA",03/01/20,Win,798,No Location Recorded,1:00 PM,16:05,"MISS 3PTR by JOHNSON,MICAH",0,13,,13,1,3ptr,miss,5,5,0.0,0.0,,,6,4,0.833,0.75,36,2165
28,Berry,Centre,69-72,69,72,"19-9,8-6 SAA","24-4,11-3 SAA",03/01/20,Win,798,No Location Recorded,1:00 PM,16:05,,0,13,"REBOUND DEF by SPITZER,JAKOB",13,1,,,5,5,0.0,0.0,,,6,4,0.833,0.75,36,2165
28,Berry,Centre,69-72,69,72,"19-9,8-6 SAA","24-4,11-3 SAA",03/01/20,Win,798,No Location Recorded,1:00 PM,15:49,,0,15,"GOOD JUMPER by AYERS,PERRY(in the paint)",15,1,,,5,5,0.0,0.0,jumper,good,7,4,0.857,0.75,35,2149
28,Berry,Centre,69-72,69,72,"19-9,8-6 SAA","24-4,11-3 SAA",03/01/20,Win,798,No Location Recorded,1:00 PM,15:36,"GOOD JUMPER by JONES,DREW(in the paint)",2,15,,13,1,jumper,good,6,5,0.167,0.0,,,7,4,0.857,0.75,35,2136
28,Berry,Centre,69-72,69,72,"19-9,8-6 SAA","24-4,11-3 SAA",03/01/20,Win,798,No Location Recorded,1:00 PM,15:36,"ASSIST  by HAYNES,CALEB",2,15,,13,1,,,6,5,0.167,0.0,,,7,4,0.857,0.75,35,2136
28,Berry,Centre,69-72,69,72,"19-9,8-6 SAA","24-4,11-3 SAA",03/01/20,Win,798,No Location Recorded,1:00 PM,15:01,,2,18,"GOOD 3PTR by BAUGHMAN,CARTER",16,1,,,6,5,0.167,0.0,3ptr,good,8,5,0.875,0.8,35,2101
28,Berry,Centre,69-72,69,72,"19-9,8-6 SAA","24-4,11-3 SAA",03/01/20,Win,798,No Location Recorded,1:00 PM,15:01,,2,18,"ASSIST  by SPITZER,JAKOB",16,1,,,6,5,0.167,0.0,,,8,5,0.875,0.8,35,2101
28,Berry,Centre,69-72,69,72,"19-9,8-6 SAA","24-4,11-3 SAA",03/01/20,Win,798,No Location Recorded,1:00 PM,14:52,"TURNOVER  by JOHNSON,MICAH",2,18,,16,1,,,6,5,0.167,0.0,,,8,5,0.875,0.8,34,2092
28,Berry,Centre,69-72,69,72,"19-9,8-6 SAA","24-4,11-3 SAA",03/01/20,Win,798,No Location Recorded,1:00 PM,14:52,,2,18,"STEAL  by BAUGHMAN,CARTER",16,1,,,6,5,0.167,0.0,,,8,5,0.875,0.8,34,2092
28,Berry,Centre,69-72,69,72,"19-9,8-6 SAA","24-4,11-3 SAA",03/01/20,Win,798,No Location Recorded,1:00 PM,14:45,,2,18,"FOUL  by BAUGHMAN,CARTER",16,1,,,6,5,0.167,0.0,foul,,8,5,0.875,0.8,34,2085
28,Berry,Centre,69-72,69,72,"19-9,8-6 SAA","24-4,11-3 SAA",03/01/20,Win,798,No Location Recorded,1:00 PM,14:45,,2,18,"TURNOVER  by BAUGHMAN,CARTER",16,1,,,6,5,0.167,0.0,,,8,5,0.875,0.8,34,2085
28,Berry,Centre,69-72,69,72,"19-9,8-6 SAA","24-4,11-3 SAA",03/01/20,Win,798,No Location Recorded,1:00 PM,14:45,TIMEOUT 20SEC by TEAM,2,18,,16,1,,,6,5,0.167,0.0,,,8,5,0.875,0.8,34,2085
28,Berry,Centre,69-72,69,72,"19-9,8-6 SAA","24-4,11-3 SAA",03/01/20,Win,798,No Location Recorded,1:00 PM,14:45,"SUB IN by BROOKS,AUSTIN",2,18,,16,1,,,6,5,0.167,0.0,,,8,5,0.875,0.8,34,2085
28,Berry,Centre,69-72,69,72,"19-9,8-6 SAA","24-4,11-3 SAA",03/01/20,Win,798,No Location Recorded,1:00 PM,14:45,"SUB IN by SOWADA,COLLIN",2,18,,16,1,,,6,5,0.167,0.0,,,8,5,0.875,0.8,34,2085
28,Berry,Centre,69-72,69,72,"19-9,8-6 SAA","24-4,11-3 SAA",03/01/20,Win,798,No Location Recorded,1:00 PM,14:45,"SUB OUT by JONES,DREW",2,18,,16,1,,,6,5,0.167,0.0,,,8,5,0.875,0.8,34,2085
28,Berry,Centre,69-72,69,72,"19-9,8-6 SAA","24-4,11-3 SAA",03/01/20,Win,798,No Location Recorded,1:00 PM,14:45,"SUB OUT by JOHNSON,MICAH",2,18,,16,1,,,6,5,0.167,0.0,,,8,5,0.875,0.8,34,2085
28,Berry,Centre,69-72,69,72,"19-9,8-6 SAA","24-4,11-3 SAA",03/01/20,Win,798,No Location Recorded,1:00 PM,14:45,,2,18,"SUB IN by CRUMP,DAWSON",16,1,,,6,5,0.167,0.0,,,8,5,0.875,0.8,34,2085
28,Berry,Centre,69-72,69,72,"19-9,8-6 SAA","24-4,11-3 SAA",03/01/20,Win,798,No Location Recorded,1:00 PM,14:45,,2,18,"SUB OUT by RAKES,BAILEY",16,1,,,6,5,0.167,0.0,,,8,5,0.875,0.8,34,2085
28,Berry,Centre,69-72,69,72,"19-9,8-6 SAA","24-4,11-3 SAA",03/01/20,Win,798,No Location Recorded,1:00 PM,14:26,"MISS 3PTR by HONROTH,OWEN",2,18,,16,1,3ptr,miss,7,6,0.143,0.0,,,8,5,0.875,0.8,34,2066
28,Berry,Centre,69-72,69,72,"19-9,8-6 SAA","24-4,11-3 SAA",03/01/20,Win,798,No Location Recorded,1:00 PM,14:26,,2,18,"REBOUND DEF by SPITZER,JAKOB",16,1,,,7,6,0.143,0.0,,,8,5,0.875,0.8,34,2066
28,Berry,Centre,69-72,69,72,"19-9,8-6 SAA","24-4,11-3 SAA",03/01/20,Win,798,No Location Recorded,1:00 PM,14:04,,2,18,"MISS JUMPER by AYERS,PERRY",16,1,,,7,6,0.143,0.0,jumper,miss,9,5,0.778,0.8,34,2044
28,Berry,Centre,69-72,69,72,"19-9,8-6 SAA","24-4,11-3 SAA",03/01/20,Win,798,No Location Recorded,1:00 PM,14:04,"REBOUND DEF by BROOKS,AUSTIN",2,18,,16,1,,,7,6,0.143,0.0,,,9,5,0.778,0.8,34,2044
28,Berry,Centre,69-72,69,72,"19-9,8-6 SAA","24-4,11-3 SAA",03/01/20,Win,798,No Location Recorded,1:00 PM,13:49,"MISS JUMPER by SOWADA,COLLIN",2,18,,16,1,jumper,miss,8,6,0.125,0.0,,,9,5,0.778,0.8,33,2029
28,Berry,Centre,69-72,69,72,"19-9,8-6 SAA","24-4,11-3 SAA",03/01/20,Win,798,No Location Recorded,1:00 PM,13:49,"REBOUND OFF by BROOKS,AUSTIN",2,18,,16,1,,,8,6,0.125,0.0,,,9,5,0.778,0.8,33,2029
28,Berry,Centre,69-72,69,72,"19-9,8-6 SAA","24-4,11-3 SAA",03/01/20,Win,798,No Location Recorded,1:00 PM,13:46,"GOOD LAYUP by BROOKS,AUSTIN(in the paint)",4,18,,14,1,layup,good,9,6,0.222,0.0,,,9,5,0.778,0.8,33,2026
28,Berry,Centre,69-72,69,72,"19-9,8-6 SAA","24-4,11-3 SAA",03/01/20,Win,798,No Location Recorded,1:00 PM,13:46,,4,18,"FOUL  by SPITZER,JAKOB",14,1,,,9,6,0.222,0.0,foul,,9,5,0.778,0.8,33,2026
28,Berry,Centre,69-72,69,72,"19-9,8-6 SAA","24-4,11-3 SAA",03/01/20,Win,798,No Location Recorded,1:00 PM,13:46,"MISS FT by BROOKS,AUSTIN",4,18,,14,1,ft,miss,10,6,0.2,0.0,,,9,5,0.778,0.8,33,2026
28,Berry,Centre,69-72,69,72,"19-9,8-6 SAA","24-4,11-3 SAA",03/01/20,Win,798,No Location Recorded,1:00 PM,13:46,,4,18,"REBOUND DEF by PURVIS,KC",14,1,,,10,6,0.2,0.0,,,9,5,0.778,0.8,33,2026
28,Berry,Centre,69-72,69,72,"19-9,8-6 SAA","24-4,11-3 SAA",03/01/20,Win,798,No Location Recorded,1:00 PM,13:46,"SUB IN by CLARK,ETHAN",4,18,,14,1,,,10,6,0.2,0.0,,,9,5,0.778,0.8,33,2026
28,Berry,Centre,69-72,69,72,"19-9,8-6 SAA","24-4,11-3 SAA",03/01/20,Win,798,No Location Recorded,1:00 PM,13:46,"SUB OUT by HONROTH,OWEN",4,18,,14,1,,,10,6,0.2,0.0,,,9,5,0.778,0.8,33,2026
28,Berry,Centre,69-72,69,72,"19-9,8-6 SAA","24-4,11-3 SAA",03/01/20,Win,798,No Location Recorded,1:00 PM,13:46,,4,18,"SUB IN by PURVIS,KC",14,1,,,10,6,0.2,0.0,,,9,5,0.778,0.8,33,2026
28,Berry,Centre,69-72,69,72,"19-9,8-6 SAA","24-4,11-3 SAA",03/01/20,Win,798,No Location Recorded,1:00 PM,13:46,,4,18,"SUB IN by BATES,JACOB",14,1,,,10,6,0.2,0.0,,,9,5,0.778,0.8,33,2026
28,Berry,Centre,69-72,69,72,"19-9,8-6 SAA","24-4,11-3 SAA",03/01/20,Win,798,No Location Recorded,1:00 PM,13:46,,4,18,"SUB IN by WILSON,DREW",14,1,,,10,6,0.2,0.0,,,9,5,0.778,0.8,33,2026
28,Berry,Centre,69-72,69,72,"19-9,8-6 SAA","24-4,11-3 SAA",03/01/20,Win,798,No Location Recorded,1:00 PM,13:46,,4,18,"SUB OUT by SPITZER,JAKOB",14,1,,,10,6,0.2,0.0,,,9,5,0.778,0.8,33,2026
28,Berry,Centre,69-72,69,72,"19-9,8-6 SAA","24-4,11-3 SAA",03/01/20,Win,798,No Location Recorded,1:00 PM,13:46,,4,18,"SUB OUT by BAUGHMAN,CARTER",14,1,,,10,6,0.2,0.0,,,9,5,0.778,0.8,33,2026
28,Berry,Centre,69-72,69,72,"19-9,8-6 SAA","24-4,11-3 SAA",03/01/20,Win,798,No Location Recorded,1:00 PM,13:46,,4,18,"SUB OUT by WALKER,ART",14,1,,,10,6,0.2,0.0,,,9,5,0.778,0.8,33,2026
28,Berry,Centre,69-72,69,72,"19-9,8-6 SAA","24-4,11-3 SAA",03/01/20,Win,798,No Location Recorded,1:00 PM,13:20,,4,18,"MISS LAYUP by WILSON,DREW",14,1,,,10,6,0.2,0.0,layup,miss,10,5,0.7,0.8,33,2000
28,Berry,Centre,69-72,69,72,"19-9,8-6 SAA","24-4,11-3 SAA",03/01/20,Win,798,No Location Recorded,1:00 PM,13:20,,4,18,"REBOUND OFF by PURVIS,KC",14,1,,,10,6,0.2,0.0,,,10,5,0.7,0.8,33,2000
28,Berry,Centre,69-72,69,72,"19-9,8-6 SAA","24-4,11-3 SAA",03/01/20,Win,798,No Location Recorded,1:00 PM,13:13,,4,20,"GOOD LAYUP by PURVIS,KC(in the paint)",16,1,,,10,6,0.2,0.0,layup,good,11,5,0.727,0.8,33,1993
28,Berry,Centre,69-72,69,72,"19-9,8-6 SAA","24-4,11-3 SAA",03/01/20,Win,798,No Location Recorded,1:00 PM,12:55,"GOOD JUMPER by HAYNES,CALEB(in the paint)",6,20,,14,1,jumper,good,11,6,0.273,0.0,,,11,5,0.727,0.8,32,1975
28,Berry,Centre,69-72,69,72,"19-9,8-6 SAA","24-4,11-3 SAA",03/01/20,Win,798,No Location Recorded,1:00 PM,12:36,,6,22,"GOOD LAYUP by PURVIS,KC(in the paint)",16,1,,,11,6,0.273,0.0,layup,good,12,5,0.75,0.8,32,1956
28,Berry,Centre,69-72,69,72,"19-9,8-6 SAA","24-4,11-3 SAA",03/01/20,Win,798,No Location Recorded,1:00 PM,12:36,,6,22,"ASSIST  by BATES,JACOB",16,1,,,11,6,0.273,0.0,,,12,5,0.75,0.8,32,1956
28,Berry,Centre,69-72,69,72,"19-9,8-6 SAA","24-4,11-3 SAA",03/01/20,Win,798,No Location Recorded,1:00 PM,12:26,"TURNOVER  by SOWADA,COLLIN",6,22,,16,1,,,11,6,0.273,0.0,,,12,5,0.75,0.8,32,1946
28,Berry,Centre,69-72,69,72,"19-9,8-6 SAA","24-4,11-3 SAA",03/01/20,Win,798,No Location Recorded,1:00 PM,12:26,,6,22,"STEAL  by WILSON,DREW",16,1,,,11,6,0.273,0.0,,,12,5,0.75,0.8,32,1946
28,Berry,Centre,69-72,69,72,"19-9,8-6 SAA","24-4,11-3 SAA",03/01/20,Win,798,No Location Recorded,1:00 PM,12:22,"FOUL  by WEHUNT,DAWSON",6,22,,16,1,foul,,11,6,0.273,0.0,,,12,5,0.75,0.8,32,1942
28,Berry,Centre,69-72,69,72,"19-9,8-6 SAA","24-4,11-3 SAA",03/01/20,Win,798,No Location Recorded,1:00 PM,12:22,,6,23,"GOOD FT by CRUMP,DAWSON",17,1,,,11,6,0.273,0.0,ft,good,13,5,0.769,0.8,32,1942
28,Berry,Centre,69-72,69,72,"19-9,8-6 SAA","24-4,11-3 SAA",03/01/20,Win,798,No Location Recorded,1:00 PM,12:22,,6,24,"GOOD FT by CRUMP,DAWSON",18,1,,,11,6,0.273,0.0,ft,good,14,5,0.786,0.8,32,1942
28,Berry,Centre,69-72,69,72,"19-9,8-6 SAA","24-4,11-3 SAA",03/01/20,Win,798,No Location Recorded,1:00 PM,12:22,,6,24,"SUB IN by SPITZER,JAKOB",18,1,,,11,6,0.273,0.0,,,14,5,0.786,0.8,32,1942
28,Berry,Centre,69-72,69,72,"19-9,8-6 SAA","24-4,11-3 SAA",03/01/20,Win,798,No Location Recorded,1:00 PM,12:22,,6,24,"SUB IN by RAKES,BAILEY",18,1,,,11,6,0.273,0.0,,,14,5,0.786,0.8,32,1942
28,Berry,Centre,69-72,69,72,"19-9,8-6 SAA","24-4,11-3 SAA",03/01/20,Win,798,No Location Recorded,1:00 PM,12:22,,6,24,"SUB OUT by AYERS,PERRY",18,1,,,11,6,0.273,0.0,,,14,5,0.786,0.8,32,1942
28,Berry,Centre,69-72,69,72,"19-9,8-6 SAA","24-4,11-3 SAA",03/01/20,Win,798,No Location Recorded,1:00 PM,12:22,,6,24,"SUB OUT by BATES,JACOB",18,1,,,11,6,0.273,0.0,,,14,5,0.786,0.8,32,1942
28,Berry,Centre,69-72,69,72,"19-9,8-6 SAA","24-4,11-3 SAA",03/01/20,Win,798,No Location Recorded,1:00 PM,12:09,"GOOD 3PTR by WEHUNT,DAWSON",9,24,,15,1,3ptr,good,12,7,0.333,0.143,,,14,5,0.786,0.8,32,1929
28,Berry,Centre,69-72,69,72,"19-9,8-6 SAA","24-4,11-3 SAA",03/01/20,Win,798,No Location Recorded,1:00 PM,12:09,"ASSIST  by HAYNES,CALEB",9,24,,15,1,,,12,7,0.333,0.143,,,14,5,0.786,0.8,32,1929
28,Berry,Centre,69-72,69,72,"19-9,8-6 SAA","24-4,11-3 SAA",03/01/20,Win,798,No Location Recorded,1:00 PM,11:47,,9,24,"TURNOVER  by CRUMP,DAWSON",15,1,,,12,7,0.333,0.143,,,14,5,0.786,0.8,31,1907
28,Berry,Centre,69-72,69,72,"19-9,8-6 SAA","24-4,11-3 SAA",03/01/20,Win,798,No Location Recorded,1:00 PM,11:47,"STEAL  by SOWADA,COLLIN",9,24,,15,1,,,12,7,0.333,0.143,,,14,5,0.786,0.8,31,1907
28,Berry,Centre,69-72,69,72,"19-9,8-6 SAA","24-4,11-3 SAA",03/01/20,Win,798,No Location Recorded,1:00 PM,11:41,"MISS 3PTR by WEHUNT,DAWSON",9,24,,15,1,3ptr,miss,13,8,0.308,0.125,,,14,5,0.786,0.8,31,1901
28,Berry,Centre,69-72,69,72,"19-9,8-6 SAA","24-4,11-3 SAA",03/01/20,Win,798,No Location Recorded,1:00 PM,11:41,,9,24,"REBOUND DEF by PURVIS,KC",15,1,,,13,8,0.308,0.125,,,14,5,0.786,0.8,31,1901
28,Berry,Centre,69-72,69,72,"19-9,8-6 SAA","24-4,11-3 SAA",03/01/20,Win,798,No Location Recorded,1:00 PM,11:14,,9,24,"MISS JUMPER by RAKES,BAILEY",15,1,,,13,8,0.308,0.125,jumper,miss,15,5,0.733,0.8,31,1874
28,Berry,Centre,69-72,69,72,"19-9,8-6 SAA","24-4,11-3 SAA",03/01/20,Win,798,No Location Recorded,1:00 PM,11:14,REBOUND DEADB by TEAM,9,24,,15,1,,,13,8,0.308,0.125,,,15,5,0.733,0.8,31,1874
28,Berry,Centre,69-72,69,72,"19-9,8-6 SAA","24-4,11-3 SAA",03/01/20,Win,798,No Location Recorded,1:00 PM,11:11,,9,24,"FOUL  by SPITZER,JAKOB",15,1,,,13,8,0.308,0.125,foul,,15,5,0.733,0.8,31,1871
28,Berry,Centre,69-72,69,72,"19-9,8-6 SAA","24-4,11-3 SAA",03/01/20,Win,798,No Location Recorded,1:00 PM,11:11,TIMEOUT 20SEC by TEAM,9,24,,15,1,,,13,8,0.308,0.125,,,15,5,0.733,0.8,31,1871
28,Berry,Centre,69-72,69,72,"19-9,8-6 SAA","24-4,11-3 SAA",03/01/20,Win,798,No Location Recorded,1:00 PM,11:11,"SUB IN by JONES,DREW",9,24,,15,1,,,13,8,0.308,0.125,,,15,5,0.733,0.8,31,1871
28,Berry,Centre,69-72,69,72,"19-9,8-6 SAA","24-4,11-3 SAA",03/01/20,Win,798,No Location Recorded,1:00 PM,11:11,"SUB IN by ESTES,DJ",9,24,,15,1,,,13,8,0.308,0.125,,,15,5,0.733,0.8,31,1871
28,Berry,Centre,69-72,69,72,"19-9,8-6 SAA","24-4,11-3 SAA",03/01/20,Win,798,No Location Recorded,1:00 PM,11:11,"SUB IN by JOHNSON,MICAH",9,24,,15,1,,,13,8,0.308,0.125,,,15,5,0.733,0.8,31,1871
28,Berry,Centre,69-72,69,72,"19-9,8-6 SAA","24-4,11-3 SAA",03/01/20,Win,798,No Location Recorded,1:00 PM,11:11,"SUB OUT by HAYNES,CALEB",9,24,,15,1,,,13,8,0.308,0.125,,,15,5,0.733,0.8,31,1871
28,Berry,Centre,69-72,69,72,"19-9,8-6 SAA","24-4,11-3 SAA",03/01/20,Win,798,No Location Recorded,1:00 PM,11:11,"SUB OUT by CLARK,ETHAN",9,24,,15,1,,,13,8,0.308,0.125,,,15,5,0.733,0.8,31,1871
28,Berry,Centre,69-72,69,72,"19-9,8-6 SAA","24-4,11-3 SAA",03/01/20,Win,798,No Location Recorded,1:00 PM,11:11,"SUB OUT by SOWADA,COLLIN",9,24,,15,1,,,13,8,0.308,0.125,,,15,5,0.733,0.8,31,1871
28,Berry,Centre,69-72,69,72,"19-9,8-6 SAA","24-4,11-3 SAA",03/01/20,Win,798,No Location Recorded,1:00 PM,11:11,,9,24,"SUB IN by WALKER,ART",15,1,,,13,8,0.308,0.125,,,15,5,0.733,0.8,31,1871
28,Berry,Centre,69-72,69,72,"19-9,8-6 SAA","24-4,11-3 SAA",03/01/20,Win,798,No Location Recorded,1:00 PM,11:11,,9,24,"SUB OUT by PURVIS,KC",15,1,,,13,8,0.308,0.125,,,15,5,0.733,0.8,31,1871
28,Berry,Centre,69-72,69,72,"19-9,8-6 SAA","24-4,11-3 SAA",03/01/20,Win,798,No Location Recorded,1:00 PM,10:59,"MISS LAYUP by BROOKS,AUSTIN",9,24,,15,1,layup,miss,14,8,0.286,0.125,,,15,5,0.733,0.8,30,1859
28,Berry,Centre,69-72,69,72,"19-9,8-6 SAA","24-4,11-3 SAA",03/01/20,Win,798,No Location Recorded,1:00 PM,10:59,"REBOUND OFF by JONES,DREW",9,24,,15,1,,,14,8,0.286,0.125,,,15,5,0.733,0.8,30,1859
28,Berry,Centre,69-72,69,72,"19-9,8-6 SAA","24-4,11-3 SAA",03/01/20,Win,798,No Location Recorded,1:00 PM,10:50,"GOOD 3PTR by ESTES,DJ",12,24,,12,1,3ptr,good,15,9,0.333,0.222,,,15,5,0.733,0.8,30,1850
28,Berry,Centre,69-72,69,72,"19-9,8-6 SAA","24-4,11-3 SAA",03/01/20,Win,798,No Location Recorded,1:00 PM,10:50,"ASSIST  by JONES,DREW",12,24,,12,1,,,15,9,0.333,0.222,,,15,5,0.733,0.8,30,1850
28,Berry,Centre,69-72,69,72,"19-9,8-6 SAA","24-4,11-3 SAA",03/01/20,Win,798,No Location Recorded,1:00 PM,10:47,,12,24,"SUB IN by AYERS,PERRY",12,1,,,15,9,0.333,0.222,,,15,5,0.733,0.8,30,1847
28,Berry,Centre,69-72,69,72,"19-9,8-6 SAA","24-4,11-3 SAA",03/01/20,Win,798,No Location Recorded,1:00 PM,10:47,,12,24,"SUB IN by BATES,JACOB",12,1,,,15,9,0.333,0.222,,,15,5,0.733,0.8,30,1847
28,Berry,Centre,69-72,69,72,"19-9,8-6 SAA","24-4,11-3 SAA",03/01/20,Win,798,No Location Recorded,1:00 PM,10:47,,12,24,"SUB OUT by SPITZER,JAKOB",12,1,,,15,9,0.333,0.222,,,15,5,0.733,0.8,30,1847
28,Berry,Centre,69-72,69,72,"19-9,8-6 SAA","24-4,11-3 SAA",03/01/20,Win,798,No Location Recorded,1:00 PM,10:47,,12,24,"SUB OUT by WILSON,DREW",12,1,,,15,9,0.333,0.222,,,15,5,0.733,0.8,30,1847
28,Berry,Centre,69-72,69,72,"19-9,8-6 SAA","24-4,11-3 SAA",03/01/20,Win,798,No Location Recorded,1:00 PM,10:25,,12,26,"GOOD JUMPER by AYERS,PERRY(in the paint)",14,1,,,15,9,0.333,0.222,jumper,good,16,5,0.75,0.8,30,1825
28,Berry,Centre,69-72,69,72,"19-9,8-6 SAA","24-4,11-3 SAA",03/01/20,Win,798,No Location Recorded,1:00 PM,10:14,"MISS LAYUP by BROOKS,AUSTIN",12,26,,14,1,layup,miss,16,9,0.312,0.222,,,16,5,0.75,0.8,30,1814
28,Berry,Centre,69-72,69,72,"19-9,8-6 SAA","24-4,11-3 SAA",03/01/20,Win,798,No Location Recorded,1:00 PM,10:14,,12,26,"BLOCK  by BATES,JACOB",14,1,,,16,9,0.312,0.222,,,16,5,0.75,0.8,30,1814
28,Berry,Centre,69-72,69,72,"19-9,8-6 SAA","24-4,11-3 SAA",03/01/20,Win,798,No Location Recorded,1:00 PM,10:14,REBOUND OFF by TEAM,12,26,,14,1,,,16,9,0.312,0.222,,,16,5,0.75,0.8,30,1814
28,Berry,Centre,69-72,69,72,"19-9,8-6 SAA","24-4,11-3 SAA",03/01/20,Win,798,No Location Recorded,1:00 PM,10:14,,12,26,"SUB IN by SPITZER,JAKOB",14,1,,,16,9,0.312,0.222,,,16,5,0.75,0.8,30,1814
28,Berry,Centre,69-72,69,72,"19-9,8-6 SAA","24-4,11-3 SAA",03/01/20,Win,798,No Location Recorded,1:00 PM,10:14,,12,26,"SUB OUT by BATES,JACOB",14,1,,,16,9,0.312,0.222,,,16,5,0.75,0.8,30,1814
28,Berry,Centre,69-72,69,72,"19-9,8-6 SAA","24-4,11-3 SAA",03/01/20,Win,798,No Location Recorded,1:00 PM,10:02,"FOUL  by JONES,DREW",12,26,,14,1,foul,,16,9,0.312,0.222,,,16,5,0.75,0.8,30,1802
28,Berry,Centre,69-72,69,72,"19-9,8-6 SAA","24-4,11-3 SAA",03/01/20,Win,798,No Location Recorded,1:00 PM,10:02,"TURNOVER  by JONES,DREW",12,26,,14,1,,,16,9,0.312,0.222,,,16,5,0.75,0.8,30,1802
28,Berry,Centre,69-72,69,72,"19-9,8-6 SAA","24-4,11-3 SAA",03/01/20,Win,798,No Location Recorded,1:00 PM,10:02,,12,26,"SUB IN by BATES,JACOB",14,1,,,16,9,0.312,0.222,,,16,5,0.75,0.8,30,1802
28,Berry,Centre,69-72,69,72,"19-9,8-6 SAA","24-4,11-3 SAA",03/01/20,Win,798,No Location Recorded,1:00 PM,10:02,,12,26,"SUB OUT by SPITZER,JAKOB",14,1,,,16,9,0.312,0.222,,,16,5,0.75,0.8,30,1802
28,Berry,Centre,69-72,69,72,"19-9,8-6 SAA","24-4,11-3 SAA",03/01/20,Win,798,No Location Recorded,1:00 PM,09:44,,12,26,"MISS 3PTR by WALKER,ART",14,1,,,16,9,0.312,0.222,3ptr,miss,17,6,0.706,0.667,29,1784
28,Berry,Centre,69-72,69,72,"19-9,8-6 SAA","24-4,11-3 SAA",03/01/20,Win,798,No Location Recorded,1:00 PM,09:44,"REBOUND DEF by JONES,DREW",12,26,,14,1,,,16,9,0.312,0.222,,,17,6,0.706,0.667,29,1784
28,Berry,Centre,69-72,69,72,"19-9,8-6 SAA","24-4,11-3 SAA",03/01/20,Win,798,No Location Recorded,1:00 PM,09:35,"MISS JUMPER by JOHNSON,MICAH",12,26,,14,1,jumper,miss,17,9,0.294,0.222,,,17,6,0.706,0.667,29,1775
28,Berry,Centre,69-72,69,72,"19-9,8-6 SAA","24-4,11-3 SAA",03/01/20,Win,798,No Location Recorded,1:00 PM,09:35,,12,26,"BLOCK  by RAKES,BAILEY",14,1,,,17,9,0.294,0.222,,,17,6,0.706,0.667,29,1775
28,Berry,Centre,69-72,69,72,"19-9,8-6 SAA","24-4,11-3 SAA",03/01/20,Win,798,No Location Recorded,1:00 PM,09:35,REBOUND OFF by TEAM,12,26,,14,1,,,17,9,0.294,0.222,,,17,6,0.706,0.667,29,1775
28,Berry,Centre,69-72,69,72,"19-9,8-6 SAA","24-4,11-3 SAA",03/01/20,Win,798,No Location Recorded,1:00 PM,09:35,"SUB IN by MBENOUN,ROB",12,26,,14,1,,,17,9,0.294,0.222,,,17,6,0.706,0.667,29,1775
28,Berry,Centre,69-72,69,72,"19-9,8-6 SAA","24-4,11-3 SAA",03/01/20,Win,798,No Location Recorded,1:00 PM,09:35,"SUB OUT by WEHUNT,DAWSON",12,26,,14,1,,,17,9,0.294,0.222,,,17,6,0.706,0.667,29,1775
28,Berry,Centre,69-72,69,72,"19-9,8-6 SAA","24-4,11-3 SAA",03/01/20,Win,798,No Location Recorded,1:00 PM,09:35,,12,26,"SUB IN by SPITZER,JAKOB",14,1,,,17,9,0.294,0.222,,,17,6,0.706,0.667,29,1775
28,Berry,Centre,69-72,69,72,"19-9,8-6 SAA","24-4,11-3 SAA",03/01/20,Win,798,No Location Recorded,1:00 PM,09:35,,12,26,"SUB OUT by BATES,JACOB",14,1,,,17,9,0.294,0.222,,,17,6,0.706,0.667,29,1775
28,Berry,Centre,69-72,69,72,"19-9,8-6 SAA","24-4,11-3 SAA",03/01/20,Win,798,No Location Recorded,1:00 PM,09:27,"GOOD JUMPER by BROOKS,AUSTIN(in the paint)",14,26,,12,1,jumper,good,18,9,0.333,0.222,,,17,6,0.706,0.667,29,1767
28,Berry,Centre,69-72,69,72,"19-9,8-6 SAA","24-4,11-3 SAA",03/01/20,Win,798,No Location Recorded,1:00 PM,09:07,,14,26,"MISS 3PTR by WALKER,ART",12,1,,,18,9,0.333,0.222,3ptr,miss,18,7,0.667,0.571,29,1747
28,Berry,Centre,69-72,69,72,"19-9,8-6 SAA","24-4,11-3 SAA",03/01/20,Win,798,No Location Recorded,1:00 PM,09:07,"REBOUND DEF by MBENOUN,ROB",14,26,,12,1,,,18,9,0.333,0.222,,,18,7,0.667,0.571,29,1747
28,Berry,Centre,69-72,69,72,"19-9,8-6 SAA","24-4,11-3 SAA",03/01/20,Win,798,No Location Recorded,1:00 PM,09:03,"TURNOVER  by MBENOUN,ROB",14,26,,12,1,,,18,9,0.333,0.222,,,18,7,0.667,0.571,29,1743
28,Berry,Centre,69-72,69,72,"19-9,8-6 SAA","24-4,11-3 SAA",03/01/20,Win,798,No Location Recorded,1:00 PM,09:03,,14,26,"SUB IN by BATES,JACOB",12,1,,,18,9,0.333,0.222,,,18,7,0.667,0.571,29,1743
28,Berry,Centre,69-72,69,72,"19-9,8-6 SAA","24-4,11-3 SAA",03/01/20,Win,798,No Location Recorded,1:00 PM,09:03,,14,26,"SUB OUT by SPITZER,JAKOB",12,1,,,18,9,0.333,0.222,,,18,7,0.667,0.571,29,1743
28,Berry,Centre,69-72,69,72,"19-9,8-6 SAA","24-4,11-3 SAA",03/01/20,Win,798,No Location Recorded,1:00 PM,08:58,"FOUL  by BROOKS,AUSTIN",14,26,,12,1,foul,,18,9,0.333,0.222,,,18,7,0.667,0.571,28,1738
28,Berry,Centre,69-72,69,72,"19-9,8-6 SAA","24-4,11-3 SAA",03/01/20,Win,798,No Location Recorded,1:00 PM,08:58,,14,26,"MISS FT by BATES,JACOB",12,1,,,18,9,0.333,0.222,ft,miss,19,7,0.632,0.571,28,1738
28,Berry,Centre,69-72,69,72,"19-9,8-6 SAA","24-4,11-3 SAA",03/01/20,Win,798,No Location Recorded,1:00 PM,08:58,,14,26,REBOUND DEADB by TEAM,12,1,,,18,9,0.333,0.222,,,19,7,0.632,0.571,28,1738
28,Berry,Centre,69-72,69,72,"19-9,8-6 SAA","24-4,11-3 SAA",03/01/20,Win,798,No Location Recorded,1:00 PM,08:58,,14,27,"GOOD FT by BATES,JACOB",13,1,,,18,9,0.333,0.222,ft,good,20,7,0.65,0.571,28,1738
28,Berry,Centre,69-72,69,72,"19-9,8-6 SAA","24-4,11-3 SAA",03/01/20,Win,798,No Location Recorded,1:00 PM,08:58,"SUB IN by HAYNES,CALEB",14,27,,13,1,,,18,9,0.333,0.222,,,20,7,0.65,0.571,28,1738
28,Berry,Centre,69-72,69,72,"19-9,8-6 SAA","24-4,11-3 SAA",03/01/20,Win,798,No Location Recorded,1:00 PM,08:58,"SUB OUT by BROOKS,AUSTIN",14,27,,13,1,,,18,9,0.333,0.222,,,20,7,0.65,0.571,28,1738
28,Berry,Centre,69-72,69,72,"19-9,8-6 SAA","24-4,11-3 SAA",03/01/20,Win,798,No Location Recorded,1:00 PM,08:58,,14,27,"SUB IN by SPITZER,JAKOB",13,1,,,18,9,0.333,0.222,,,20,7,0.65,0.571,28,1738
28,Berry,Centre,69-72,69,72,"19-9,8-6 SAA","24-4,11-3 SAA",03/01/20,Win,798,No Location Recorded,1:00 PM,08:58,,14,27,"SUB IN by BAUGHMAN,CARTER",13,1,,,18,9,0.333,0.222,,,20,7,0.65,0.571,28,1738
28,Berry,Centre,69-72,69,72,"19-9,8-6 SAA","24-4,11-3 SAA",03/01/20,Win,798,No Location Recorded,1:00 PM,08:58,,14,27,"SUB OUT by BATES,JACOB",13,1,,,18,9,0.333,0.222,,,20,7,0.65,0.571,28,1738
28,Berry,Centre,69-72,69,72,"19-9,8-6 SAA","24-4,11-3 SAA",03/01/20,Win,798,No Location Recorded,1:00 PM,08:58,,14,27,"SUB OUT by CRUMP,DAWSON",13,1,,,18,9,0.333,0.222,,,20,7,0.65,0.571,28,1738
28,Berry,Centre,69-72,69,72,"19-9,8-6 SAA","24-4,11-3 SAA",03/01/20,Win,798,No Location Recorded,1:00 PM,08:44,"TURNOVER  by HAYNES,CALEB",14,27,,13,1,,,18,9,0.333,0.222,,,20,7,0.65,0.571,28,1724
28,Berry,Centre,69-72,69,72,"19-9,8-6 SAA","24-4,11-3 SAA",03/01/20,Win,798,No Location Recorded,1:00 PM,08:44,,14,27,"SUB IN by BATES,JACOB",13,1,,,18,9,0.333,0.222,,,20,7,0.65,0.571,28,1724
28,Berry,Centre,69-72,69,72,"19-9,8-6 SAA","24-4,11-3 SAA",03/01/20,Win,798,No Location Recorded,1:00 PM,08:44,,14,27,"SUB OUT by SPITZER,JAKOB",13,1,,,18,9,0.333,0.222,,,20,7,0.65,0.571,28,1724
28,Berry,Centre,69-72,69,72,"19-9,8-6 SAA","24-4,11-3 SAA",03/01/20,Win,798,No Location Recorded,1:00 PM,08:28,,14,27,"MISS JUMPER by BATES,JACOB",13,1,,,18,9,0.333,0.222,jumper,miss,21,7,0.619,0.571,28,1708
28,Berry,Centre,69-72,69,72,"19-9,8-6 SAA","24-4,11-3 SAA",03/01/20,Win,798,No Location Recorded,1:00 PM,08:28,"BLOCK  by HAYNES,CALEB",14,27,,13,1,,,18,9,0.333,0.222,,,21,7,0.619,0.571,28,1708
28,Berry,Centre,69-72,69,72,"19-9,8-6 SAA","24-4,11-3 SAA",03/01/20,Win,798,No Location Recorded,1:00 PM,08:28,"REBOUND DEF by HAYNES,CALEB",14,27,,13,1,,,18,9,0.333,0.222,,,21,7,0.619,0.571,28,1708
28,Berry,Centre,69-72,69,72,"19-9,8-6 SAA","24-4,11-3 SAA",03/01/20,Win,798,No Location Recorded,1:00 PM,08:19,,14,27,"FOUL  by AYERS,PERRY",13,1,,,18,9,0.333,0.222,foul,,21,7,0.619,0.571,28,1699
28,Berry,Centre,69-72,69,72,"19-9,8-6 SAA","24-4,11-3 SAA",03/01/20,Win,798,No Location Recorded,1:00 PM,08:19,,14,27,"SUB IN by SPITZER,JAKOB",13,1,,,18,9,0.333,0.222,,,21,7,0.619,0.571,28,1699
28,Berry,Centre,69-72,69,72,"19-9,8-6 SAA","24-4,11-3 SAA",03/01/20,Win,798,No Location Recorded,1:00 PM,08:19,,14,27,"SUB OUT by BATES,JACOB",13,1,,,18,9,0.333,0.222,,,21,7,0.619,0.571,28,1699
28,Berry,Centre,69-72,69,72,"19-9,8-6 SAA","24-4,11-3 SAA",03/01/20,Win,798,No Location Recorded,1:00 PM,08:15,"MISS JUMPER by JONES,DREW",14,27,,13,1,jumper,miss,19,9,0.316,0.222,,,21,7,0.619,0.571,28,1695
28,Berry,Centre,69-72,69,72,"19-9,8-6 SAA","24-4,11-3 SAA",03/01/20,Win,798,No Location Recorded,1:00 PM,08:15,,14,27,"REBOUND DEF by WALKER,ART",13,1,,,19,9,0.316,0.222,,,21,7,0.619,0.571,28,1695
28,Berry,Centre,69-72,69,72,"19-9,8-6 SAA","24-4,11-3 SAA",03/01/20,Win,798,No Location Recorded,1:00 PM,08:07,"SUB IN by HASLAM,ETHAN",14,27,,13,1,,,19,9,0.316,0.222,,,21,7,0.619,0.571,28,1687
28,Berry,Centre,69-72,69,72,"19-9,8-6 SAA","24-4,11-3 SAA",03/01/20,Win,798,No Location Recorded,1:00 PM,08:07,"SUB OUT by MBENOUN,ROB",14,27,,13,1,,,19,9,0.316,0.222,,,21,7,0.619,0.571,28,1687
28,Berry,Centre,69-72,69,72,"19-9,8-6 SAA","24-4,11-3 SAA",03/01/20,Win,798,No Location Recorded,1:00 PM,07:51,,14,27,"TURNOVER  by AYERS,PERRY",13,1,,,19,9,0.316,0.222,,,21,7,0.619,0.571,27,1671
28,Berry,Centre,69-72,69,72,"19-9,8-6 SAA","24-4,11-3 SAA",03/01/20,Win,798,No Location Recorded,1:00 PM,07:50,TIMEOUT 20SEC by TEAM,14,27,,13,1,,,19,9,0.316,0.222,,,21,7,0.619,0.571,27,1670
28,Berry,Centre,69-72,69,72,"19-9,8-6 SAA","24-4,11-3 SAA",03/01/20,Win,798,No Location Recorded,1:00 PM,07:50,"SUB IN by BROOKS,AUSTIN",14,27,,13,1,,,19,9,0.316,0.222,,,21,7,0.619,0.571,27,1670
28,Berry,Centre,69-72,69,72,"19-9,8-6 SAA","24-4,11-3 SAA",03/01/20,Win,798,No Location Recorded,1:00 PM,07:50,"SUB OUT by JONES,DREW",14,27,,13,1,,,19,9,0.316,0.222,,,21,7,0.619,0.571,27,1670
28,Berry,Centre,69-72,69,72,"19-9,8-6 SAA","24-4,11-3 SAA",03/01/20,Win,798,No Location Recorded,1:00 PM,07:50,,14,27,"SUB IN by PURVIS,KC",13,1,,,19,9,0.316,0.222,,,21,7,0.619,0.571,27,1670
28,Berry,Centre,69-72,69,72,"19-9,8-6 SAA","24-4,11-3 SAA",03/01/20,Win,798,No Location Recorded,1:00 PM,07:50,,14,27,"SUB OUT by WALKER,ART",13,1,,,19,9,0.316,0.222,,,21,7,0.619,0.571,27,1670
28,Berry,Centre,69-72,69,72,"19-9,8-6 SAA","24-4,11-3 SAA",03/01/20,Win,798,No Location Recorded,1:00 PM,07:38,"GOOD LAYUP by BROOKS,AUSTIN(in the paint)",16,27,,11,1,layup,good,20,9,0.35,0.222,,,21,7,0.619,0.571,27,1658
28,Berry,Centre,69-72,69,72,"19-9,8-6 SAA","24-4,11-3 SAA",03/01/20,Win,798,No Location Recorded,1:00 PM,07:22,,16,30,"GOOD 3PTR by AYERS,PERRY",14,1,,,20,9,0.35,0.222,3ptr,good,22,8,0.636,0.625,27,1642
28,Berry,Centre,69-72,69,72,"19-9,8-6 SAA","24-4,11-3 SAA",03/01/20,Win,798,No Location Recorded,1:00 PM,06:52,"MISS 3PTR by ESTES,DJ",16,30,,14,1,3ptr,miss,21,10,0.333,0.2,,,22,8,0.636,0.625,26,1612
28,Berry,Centre,69-72,69,72,"19-9,8-6 SAA","24-4,11-3 SAA",03/01/20,Win,798,No Location Recorded,1:00 PM,06:52,"REBOUND OFF by HASLAM,ETHAN",16,30,,14,1,,,21,10,0.333,0.2,,,22,8,0.636,0.625,26,1612
28,Berry,Centre,69-72,69,72,"19-9,8-6 SAA","24-4,11-3 SAA",03/01/20,Win,798,No Location Recorded,1:00 PM,06:35,"GOOD 3PTR by HASLAM,ETHAN",19,30,,11,1,3ptr,good,22,11,0.364,0.273,,,22,8,0.636,0.625,26,1595
28,Berry,Centre,69-72,69,72,"19-9,8-6 SAA","24-4,11-3 SAA",03/01/20,Win,798,No Location Recorded,1:00 PM,06:35,"ASSIST  by JOHNSON,MICAH",19,30,,11,1,,,22,11,0.364,0.273,,,22,8,0.636,0.625,26,1595
28,Berry,Centre,69-72,69,72,"19-9,8-6 SAA","24-4,11-3 SAA",03/01/20,Win,798,No Location Recorded,1:00 PM,06:04,,19,30,"MISS 3PTR by BAUGHMAN,CARTER",11,1,,,22,11,0.364,0.273,3ptr,miss,23,9,0.609,0.556,26,1564
28,Berry,Centre,69-72,69,72,"19-9,8-6 SAA","24-4,11-3 SAA",03/01/20,Win,798,No Location Recorded,1:00 PM,06:04,"REBOUND DEF by BROOKS,AUSTIN",19,30,,11,1,,,22,11,0.364,0.273,,,23,9,0.609,0.556,26,1564
28,Berry,Centre,69-72,69,72,"19-9,8-6 SAA","24-4,11-3 SAA",03/01/20,Win,798,No Location Recorded,1:00 PM,05:52,,19,30,"FOUL  by SPITZER,JAKOB",11,1,,,22,11,0.364,0.273,foul,,23,9,0.609,0.556,25,1552
28,Berry,Centre,69-72,69,72,"19-9,8-6 SAA","24-4,11-3 SAA",03/01/20,Win,798,No Location Recorded,1:00 PM,05:52,"GOOD FT by JOHNSON,MICAH",20,30,,10,1,ft,good,23,11,0.391,0.273,,,23,9,0.609,0.556,25,1552
28,Berry,Centre,69-72,69,72,"19-9,8-6 SAA","24-4,11-3 SAA",03/01/20,Win,798,No Location Recorded,1:00 PM,05:52,"MISS FT by JOHNSON,MICAH",20,30,,10,1,ft,miss,24,11,0.375,0.273,,,23,9,0.609,0.556,25,1552
28,Berry,Centre,69-72,69,72,"19-9,8-6 SAA","24-4,11-3 SAA",03/01/20,Win,798,No Location Recorded,1:00 PM,05:52,,20,30,"SUB IN by BATES,JACOB",10,1,,,24,11,0.375,0.273,,,23,9,0.609,0.556,25,1552
28,Berry,Centre,69-72,69,72,"19-9,8-6 SAA","24-4,11-3 SAA",03/01/20,Win,798,No Location Recorded,1:00 PM,05:52,,20,30,"SUB IN by WALKER,ART",10,1,,,24,11,0.375,0.273,,,23,9,0.609,0.556,25,1552
28,Berry,Centre,69-72,69,72,"19-9,8-6 SAA","24-4,11-3 SAA",03/01/20,Win,798,No Location Recorded,1:00 PM,05:52,,20,30,"SUB IN by CRUMP,DAWSON",10,1,,,24,11,0.375,0.273,,,23,9,0.609,0.556,25,1552
28,Berry,Centre,69-72,69,72,"19-9,8-6 SAA","24-4,11-3 SAA",03/01/20,Win,798,No Location Recorded,1:00 PM,05:52,,20,30,"SUB OUT by PURVIS,KC",10,1,,,24,11,0.375,0.273,,,23,9,0.609,0.556,25,1552
28,Berry,Centre,69-72,69,72,"19-9,8-6 SAA","24-4,11-3 SAA",03/01/20,Win,798,No Location Recorded,1:00 PM,05:52,,20,30,"SUB OUT by SPITZER,JAKOB",10,1,,,24,11,0.375,0.273,,,23,9,0.609,0.556,25,1552
28,Berry,Centre,69-72,69,72,"19-9,8-6 SAA","24-4,11-3 SAA",03/01/20,Win,798,No Location Recorded,1:00 PM,05:52,,20,30,"SUB OUT by RAKES,BAILEY",10,1,,,24,11,0.375,0.273,,,23,9,0.609,0.556,25,1552
28,Berry,Centre,69-72,69,72,"19-9,8-6 SAA","24-4,11-3 SAA",03/01/20,Win,798,No Location Recorded,1:00 PM,05:52,,20,30,"REBOUND DEF by AYERS,PERRY",10,1,,,24,11,0.375,0.273,,,23,9,0.609,0.556,25,1552
28,Berry,Centre,69-72,69,72,"19-9,8-6 SAA","24-4,11-3 SAA",03/01/20,Win,798,No Location Recorded,1:00 PM,05:27,,20,30,"MISS JUMPER by WALKER,ART",10,1,,,24,11,0.375,0.273,jumper,miss,24,9,0.583,0.556,25,1527
28,Berry,Centre,69-72,69,72,"19-9,8-6 SAA","24-4,11-3 SAA",03/01/20,Win,798,No Location Recorded,1:00 PM,05:27,"BLOCK  by BROOKS,AUSTIN",20,30,,10,1,,,24,11,0.375,0.273,,,24,9,0.583,0.556,25,1527
28,Berry,Centre,69-72,69,72,"19-9,8-6 SAA","24-4,11-3 SAA",03/01/20,Win,798,No Location Recorded,1:00 PM,05:27,,20,30,REBOUND OFF by TEAM,10,1,,,24,11,0.375,0.273,,,24,9,0.583,0.556,25,1527
28,Berry,Centre,69-72,69,72,"19-9,8-6 SAA","24-4,11-3 SAA",03/01/20,Win,798,No Location Recorded,1:00 PM,05:23,,20,33,"GOOD 3PTR by CRUMP,DAWSON",13,1,,,24,11,0.375,0.273,3ptr,good,25,10,0.6,0.6,25,1523
28,Berry,Centre,69-72,69,72,"19-9,8-6 SAA","24-4,11-3 SAA",03/01/20,Win,798,No Location Recorded,1:00 PM,05:23,,20,33,"ASSIST  by BATES,JACOB",13,1,,,24,11,0.375,0.273,,,25,10,0.6,0.6,25,1523
28,Berry,Centre,69-72,69,72,"19-9,8-6 SAA","24-4,11-3 SAA",03/01/20,Win,798,No Location Recorded,1:00 PM,04:59,"MISS 3PTR by ESTES,DJ",20,33,,13,1,3ptr,miss,25,12,0.36,0.25,,,25,10,0.6,0.6,24,1499
28,Berry,Centre,69-72,69,72,"19-9,8-6 SAA","24-4,11-3 SAA",03/01/20,Win,798,No Location Recorded,1:00 PM,04:59,REBOUND DEADB by TEAM,20,33,,13,1,,,25,12,0.36,0.25,,,25,10,0.6,0.6,24,1499
28,Berry,Centre,69-72,69,72,"19-9,8-6 SAA","24-4,11-3 SAA",03/01/20,Win,798,No Location Recorded,1:00 PM,04:57,,20,33,"FOUL  by BATES,JACOB",13,1,,,25,12,0.36,0.25,foul,,25,10,0.6,0.6,24,1497
28,Berry,Centre,69-72,69,72,"19-9,8-6 SAA","24-4,11-3 SAA",03/01/20,Win,798,No Location Recorded,1:00 PM,04:57,"GOOD FT by BROOKS,AUSTIN",21,33,,12,1,ft,good,26,12,0.385,0.25,,,25,10,0.6,0.6,24,1497
28,Berry,Centre,69-72,69,72,"19-9,8-6 SAA","24-4,11-3 SAA",03/01/20,Win,798,No Location Recorded,1:00 PM,04:57,"GOOD FT by BROOKS,AUSTIN",22,33,,11,1,ft,good,27,12,0.407,0.25,,,25,10,0.6,0.6,24,1497
28,Berry,Centre,69-72,69,72,"19-9,8-6 SAA","24-4,11-3 SAA",03/01/20,Win,798,No Location Recorded,1:00 PM,04:57,"SUB IN by JONES,DREW",22,33,,11,1,,,27,12,0.407,0.25,,,25,10,0.6,0.6,24,1497
28,Berry,Centre,69-72,69,72,"19-9,8-6 SAA","24-4,11-3 SAA",03/01/20,Win,798,No Location Recorded,1:00 PM,04:57,"SUB IN by WEHUNT,DAWSON",22,33,,11,1,,,27,12,0.407,0.25,,,25,10,0.6,0.6,24,1497
28,Berry,Centre,69-72,69,72,"19-9,8-6 SAA","24-4,11-3 SAA",03/01/20,Win,798,No Location Recorded,1:00 PM,04:57,"SUB OUT by BROOKS,AUSTIN",22,33,,11,1,,,27,12,0.407,0.25,,,25,10,0.6,0.6,24,1497
28,Berry,Centre,69-72,69,72,"19-9,8-6 SAA","24-4,11-3 SAA",03/01/20,Win,798,No Location Recorded,1:00 PM,04:57,"SUB OUT by ESTES,DJ",22,33,,11,1,,,27,12,0.407,0.25,,,25,10,0.6,0.6,24,1497
28,Berry,Centre,69-72,69,72,"19-9,8-6 SAA","24-4,11-3 SAA",03/01/20,Win,798,No Location Recorded,1:00 PM,04:57,,22,33,"SUB IN by PURVIS,KC",11,1,,,27,12,0.407,0.25,,,25,10,0.6,0.6,24,1497
28,Berry,Centre,69-72,69,72,"19-9,8-6 SAA","24-4,11-3 SAA",03/01/20,Win,798,No Location Recorded,1:00 PM,04:57,,22,33,"SUB OUT by BATES,JACOB",11,1,,,27,12,0.407,0.25,,,25,10,0.6,0.6,24,1497
28,Berry,Centre,69-72,69,72,"19-9,8-6 SAA","24-4,11-3 SAA",03/01/20,Win,798,No Location Recorded,1:00 PM,04:41,,22,33,"MISS JUMPER by WALKER,ART",11,1,,,27,12,0.407,0.25,jumper,miss,26,10,0.577,0.6,24,1481
28,Berry,Centre,69-72,69,72,"19-9,8-6 SAA","24-4,11-3 SAA",03/01/20,Win,798,No Location Recorded,1:00 PM,04:41,,22,33,REBOUND OFF by TEAM,11,1,,,27,12,0.407,0.25,,,26,10,0.577,0.6,24,1481
28,Berry,Centre,69-72,69,72,"19-9,8-6 SAA","24-4,11-3 SAA",03/01/20,Win,798,No Location Recorded,1:00 PM,04:39,,22,33,"SUB IN by RAKES,BAILEY",11,1,,,27,12,0.407,0.25,,,26,10,0.577,0.6,24,1479
28,Berry,Centre,69-72,69,72,"19-9,8-6 SAA","24-4,11-3 SAA",03/01/20,Win,798,No Location Recorded,1:00 PM,04:39,,22,33,"SUB OUT by BAUGHMAN,CARTER",11,1,,,27,12,0.407,0.25,,,26,10,0.577,0.6,24,1479
28,Berry,Centre,69-72,69,72,"19-9,8-6 SAA","24-4,11-3 SAA",03/01/20,Win,798,No Location Recorded,1:00 PM,04:33,,22,33,"MISS 3PTR by AYERS,PERRY",11,1,,,27,12,0.407,0.25,3ptr,miss,27,11,0.556,0.545,24,1473
28,Berry,Centre,69-72,69,72,"19-9,8-6 SAA","24-4,11-3 SAA",03/01/20,Win,798,No Location Recorded,1:00 PM,04:33,"REBOUND DEF by JONES,DREW",22,33,,11,1,,,27,12,0.407,0.25,,,27,11,0.556,0.545,24,1473
28,Berry,Centre,69-72,69,72,"19-9,8-6 SAA","24-4,11-3 SAA",03/01/20,Win,798,No Location Recorded,1:00 PM,04:19,"MISS LAYUP by JOHNSON,MICAH",22,33,,11,1,layup,miss,28,12,0.393,0.25,,,27,11,0.556,0.545,24,1459
28,Berry,Centre,69-72,69,72,"19-9,8-6 SAA","24-4,11-3 SAA",03/01/20,Win,798,No Location Recorded,1:00 PM,04:19,,22,33,"REBOUND DEF by AYERS,PERRY",11,1,,,28,12,0.393,0.25,,,27,11,0.556,0.545,24,1459
28,Berry,Centre,69-72,69,72,"19-9,8-6 SAA","24-4,11-3 SAA",03/01/20,Win,798,No Location Recorded,1:00 PM,04:12,"FOUL  by HASLAM,ETHAN",22,33,,11,1,foul,,28,12,0.393,0.25,,,27,11,0.556,0.545,24,1452
28,Berry,Centre,69-72,69,72,"19-9,8-6 SAA","24-4,11-3 SAA",03/01/20,Win,798,No Location Recorded,1:00 PM,04:08,,22,33,"MISS JUMPER by AYERS,PERRY",11,1,,,28,12,0.393,0.25,jumper,miss,28,11,0.536,0.545,24,1448
28,Berry,Centre,69-72,69,72,"19-9,8-6 SAA","24-4,11-3 SAA",03/01/20,Win,798,No Location Recorded,1:00 PM,04:08,"REBOUND DEF by HASLAM,ETHAN",22,33,,11,1,,,28,12,0.393,0.25,,,28,11,0.536,0.545,24,1448
28,Berry,Centre,69-72,69,72,"19-9,8-6 SAA","24-4,11-3 SAA",03/01/20,Win,798,No Location Recorded,1:00 PM,03:51,"GOOD JUMPER by HAYNES,CALEB(in the paint)",24,33,,9,1,jumper,good,29,12,0.414,0.25,,,28,11,0.536,0.545,23,1431
28,Berry,Centre,69-72,69,72,"19-9,8-6 SAA","24-4,11-3 SAA",03/01/20,Win,798,No Location Recorded,1:00 PM,03:35,,24,33,"TURNOVER  by CRUMP,DAWSON",9,1,,,29,12,0.414,0.25,,,28,11,0.536,0.545,23,1415
28,Berry,Centre,69-72,69,72,"19-9,8-6 SAA","24-4,11-3 SAA",03/01/20,Win,798,No Location Recorded,1:00 PM,03:35,"STEAL  by HAYNES,CALEB",24,33,,9,1,,,29,12,0.414,0.25,,,28,11,0.536,0.545,23,1415
28,Berry,Centre,69-72,69,72,"19-9,8-6 SAA","24-4,11-3 SAA",03/01/20,Win,798,No Location Recorded,1:00 PM,03:11,"GOOD 3PTR by HASLAM,ETHAN",27,33,,6,1,3ptr,good,30,13,0.433,0.308,,,28,11,0.536,0.545,23,1391
28,Berry,Centre,69-72,69,72,"19-9,8-6 SAA","24-4,11-3 SAA",03/01/20,Win,798,No Location Recorded,1:00 PM,03:11,"ASSIST  by HAYNES,CALEB",27,33,,6,1,,,30,13,0.433,0.308,,,28,11,0.536,0.545,23,1391
28,Berry,Centre,69-72,69,72,"19-9,8-6 SAA","24-4,11-3 SAA",03/01/20,Win,798,No Location Recorded,1:00 PM,03:07,,27,33,TIMEOUT 30SEC by TEAM,6,1,,,30,13,0.433,0.308,,,28,11,0.536,0.545,23,1387
28,Berry,Centre,69-72,69,72,"19-9,8-6 SAA","24-4,11-3 SAA",03/01/20,Win,798,No Location Recorded,1:00 PM,03:07,"SUB IN by BROOKS,AUSTIN",27,33,,6,1,,,30,13,0.433,0.308,,,28,11,0.536,0.545,23,1387
28,Berry,Centre,69-72,69,72,"19-9,8-6 SAA","24-4,11-3 SAA",03/01/20,Win,798,No Location Recorded,1:00 PM,03:07,"SUB OUT by HAYNES,CALEB",27,33,,6,1,,,30,13,0.433,0.308,,,28,11,0.536,0.545,23,1387
28,Berry,Centre,69-72,69,72,"19-9,8-6 SAA","24-4,11-3 SAA",03/01/20,Win,798,No Location Recorded,1:00 PM,02:39,,27,33,"MISS LAYUP by PURVIS,KC",6,1,,,30,13,0.433,0.308,layup,miss,29,11,0.517,0.545,22,1359
28,Berry,Centre,69-72,69,72,"19-9,8-6 SAA","24-4,11-3 SAA",03/01/20,Win,798,No Location Recorded,1:00 PM,02:39,"REBOUND DEF by JOHNSON,MICAH",27,33,,6,1,,,30,13,0.433,0.308,,,29,11,0.517,0.545,22,1359
28,Berry,Centre,69-72,69,72,"19-9,8-6 SAA","24-4,11-3 SAA",03/01/20,Win,798,No Location Recorded,1:00 PM,02:27,"GOOD LAYUP by JOHNSON,MICAH(in the paint)",29,33,,4,1,layup,good,31,13,0.452,0.308,,,29,11,0.517,0.545,22,1347
28,Berry,Centre,69-72,69,72,"19-9,8-6 SAA","24-4,11-3 SAA",03/01/20,Win,798,No Location Recorded,1:00 PM,02:02,,29,36,"GOOD 3PTR by RAKES,BAILEY",7,1,,,31,13,0.452,0.308,3ptr,good,30,12,0.533,0.583,22,1322
28,Berry,Centre,69-72,69,72,"19-9,8-6 SAA","24-4,11-3 SAA",03/01/20,Win,798,No Location Recorded,1:00 PM,02:02,,29,36,"ASSIST  by PURVIS,KC",7,1,,,31,13,0.452,0.308,,,30,12,0.533,0.583,22,1322
28,Berry,Centre,69-72,69,72,"19-9,8-6 SAA","24-4,11-3 SAA",03/01/20,Win,798,No Location Recorded,1:00 PM,01:52,"GOOD 3PTR by HASLAM,ETHAN",32,36,,4,1,3ptr,good,32,14,0.469,0.357,,,30,12,0.533,0.583,21,1312
28,Berry,Centre,69-72,69,72,"19-9,8-6 SAA","24-4,11-3 SAA",03/01/20,Win,798,No Location Recorded,1:00 PM,01:52,"ASSIST  by JOHNSON,MICAH",32,36,,4,1,,,32,14,0.469,0.357,,,30,12,0.533,0.583,21,1312
28,Berry,Centre,69-72,69,72,"19-9,8-6 SAA","24-4,11-3 SAA",03/01/20,Win,798,No Location Recorded,1:00 PM,01:32,,32,36,"TURNOVER  by AYERS,PERRY",4,1,,,32,14,0.469,0.357,,,30,12,0.533,0.583,21,1292
28,Berry,Centre,69-72,69,72,"19-9,8-6 SAA","24-4,11-3 SAA",03/01/20,Win,798,No Location Recorded,1:00 PM,01:32,"STEAL  by JOHNSON,MICAH",32,36,,4,1,,,32,14,0.469,0.357,,,30,12,0.533,0.583,21,1292
28,Berry,Centre,69-72,69,72,"19-9,8-6 SAA","24-4,11-3 SAA",03/01/20,Win,798,No Location Recorded,1:00 PM,01:19,"GOOD JUMPER by JOHNSON,MICAH",34,36,,2,1,jumper,good,33,14,0.485,0.357,,,30,12,0.533,0.583,21,1279
28,Berry,Centre,69-72,69,72,"19-9,8-6 SAA","24-4,11-3 SAA",03/01/20,Win,798,No Location Recorded,1:00 PM,00:56,,34,36,"TURNOVER  by CRUMP,DAWSON",2,1,,,33,14,0.485,0.357,,,30,12,0.533,0.583,20,1256
28,Berry,Centre,69-72,69,72,"19-9,8-6 SAA","24-4,11-3 SAA",03/01/20,Win,798,No Location Recorded,1:00 PM,00:33,"GOOD LAYUP by BROOKS,AUSTIN(in the paint)",36,36,,0,1,layup,good,34,14,0.5,0.357,,,30,12,0.533,0.583,20,1233
28,Berry,Centre,69-72,69,72,"19-9,8-6 SAA","24-4,11-3 SAA",03/01/20,Win,798,No Location Recorded,1:00 PM,00:33,"ASSIST  by WEHUNT,DAWSON",36,36,,0,1,,,34,14,0.5,0.357,,,30,12,0.533,0.583,20,1233
28,Berry,Centre,69-72,69,72,"19-9,8-6 SAA","24-4,11-3 SAA",03/01/20,Win,798,No Location Recorded,1:00 PM,00:05,,36,36,"MISS LAYUP by AYERS,PERRY",0,1,,,34,14,0.5,0.357,layup,miss,31,12,0.516,0.583,20,1205
28,Berry,Centre,69-72,69,72,"19-9,8-6 SAA","24-4,11-3 SAA",03/01/20,Win,798,No Location Recorded,1:00 PM,00:05,"BLOCK  by BROOKS,AUSTIN",36,36,,0,1,,,34,14,0.5,0.357,,,31,12,0.516,0.583,20,1205
28,Berry,Centre,69-72,69,72,"19-9,8-6 SAA","24-4,11-3 SAA",03/01/20,Win,798,No Location Recorded,1:00 PM,00:05,"REBOUND DEF by WEHUNT,DAWSON",36,36,,0,1,,,34,14,0.5,0.357,,,31,12,0.516,0.583,20,1205
28,Berry,Centre,69-72,69,72,"19-9,8-6 SAA","24-4,11-3 SAA",03/01/20,Win,798,No Location Recorded,1:00 PM,00:00,"MISS 3PTR by JONES,DREW",36,36,,0,1,3ptr,miss,35,15,0.486,0.333,,,31,12,0.516,0.583,20,1200
28,Berry,Centre,69-72,69,72,"19-9,8-6 SAA","24-4,11-3 SAA",03/01/20,Win,798,No Location Recorded,1:00 PM,00:00,,36,36,"REBOUND DEF by PURVIS,KC",0,1,,,35,15,0.486,0.333,,,31,12,0.516,0.583,20,1200
28,Berry,Centre,69-72,69,72,"19-9,8-6 SAA","24-4,11-3 SAA",03/01/20,Win,798,No Location Recorded,1:00 PM,20:00,"SUB IN by HAYNES,CALEB",36,36,,0,2,,,35,15,0.486,0.333,,,31,12,0.516,0.583,20,1200
28,Berry,Centre,69-72,69,72,"19-9,8-6 SAA","24-4,11-3 SAA",03/01/20,Win,798,No Location Recorded,1:00 PM,20:00,"SUB IN by ESTES,DJ",36,36,,0,2,,,35,15,0.486,0.333,,,31,12,0.516,0.583,20,1200
28,Berry,Centre,69-72,69,72,"19-9,8-6 SAA","24-4,11-3 SAA",03/01/20,Win,798,No Location Recorded,1:00 PM,20:00,"SUB OUT by BROOKS,AUSTIN",36,36,,0,2,,,35,15,0.486,0.333,,,31,12,0.516,0.583,20,1200
28,Berry,Centre,69-72,69,72,"19-9,8-6 SAA","24-4,11-3 SAA",03/01/20,Win,798,No Location Recorded,1:00 PM,20:00,"SUB OUT by WEHUNT,DAWSON",36,36,,0,2,,,35,15,0.486,0.333,,,31,12,0.516,0.583,20,1200
28,Berry,Centre,69-72,69,72,"19-9,8-6 SAA","24-4,11-3 SAA",03/01/20,Win,798,No Location Recorded,1:00 PM,20:00,,36,36,"SUB IN by BATES,JACOB",0,2,,,35,15,0.486,0.333,,,31,12,0.516,0.583,20,1200
28,Berry,Centre,69-72,69,72,"19-9,8-6 SAA","24-4,11-3 SAA",03/01/20,Win,798,No Location Recorded,1:00 PM,20:00,,36,36,"SUB OUT by PURVIS,KC",0,2,,,35,15,0.486,0.333,,,31,12,0.516,0.583,20,1200
28,Berry,Centre,69-72,69,72,"19-9,8-6 SAA","24-4,11-3 SAA",03/01/20,Win,798,No Location Recorded,1:00 PM,19:33,,36,36,"MISS 3PTR by CRUMP,DAWSON",0,2,,,35,15,0.486,0.333,3ptr,miss,32,13,0.5,0.538,19,1173
28,Berry,Centre,69-72,69,72,"19-9,8-6 SAA","24-4,11-3 SAA",03/01/20,Win,798,No Location Recorded,1:00 PM,19:33,"REBOUND DEF by HASLAM,ETHAN",36,36,,0,2,,,35,15,0.486,0.333,,,32,13,0.5,0.538,19,1173
28,Berry,Centre,69-72,69,72,"19-9,8-6 SAA","24-4,11-3 SAA",03/01/20,Win,798,No Location Recorded,1:00 PM,19:03,"MISS 3PTR by ESTES,DJ",36,36,,0,2,3ptr,miss,36,16,0.472,0.312,,,32,13,0.5,0.538,19,1143
28,Berry,Centre,69-72,69,72,"19-9,8-6 SAA","24-4,11-3 SAA",03/01/20,Win,798,No Location Recorded,1:00 PM,19:03,,36,36,"REBOUND DEF by RAKES,BAILEY",0,2,,,36,16,0.472,0.312,,,32,13,0.5,0.538,19,1143
28,Berry,Centre,69-72,69,72,"19-9,8-6 SAA","24-4,11-3 SAA",03/01/20,Win,798,No Location Recorded,1:00 PM,18:56,,36,36,"MISS 3PTR by BATES,JACOB",0,2,,,36,16,0.472,0.312,3ptr,miss,33,14,0.485,0.5,18,1136
28,Berry,Centre,69-72,69,72,"19-9,8-6 SAA","24-4,11-3 SAA",03/01/20,Win,798,No Location Recorded,1:00 PM,18:56,"REBOUND DEF by JONES,DREW",36,36,,0,2,,,36,16,0.472,0.312,,,33,14,0.485,0.5,18,1136
28,Berry,Centre,69-72,69,72,"19-9,8-6 SAA","24-4,11-3 SAA",03/01/20,Win,798,No Location Recorded,1:00 PM,18:35,"MISS 3PTR by JOHNSON,MICAH",36,36,,0,2,3ptr,miss,37,17,0.459,0.294,,,33,14,0.485,0.5,18,1115
28,Berry,Centre,69-72,69,72,"19-9,8-6 SAA","24-4,11-3 SAA",03/01/20,Win,798,No Location Recorded,1:00 PM,18:35,,36,36,"REBOUND DEF by BATES,JACOB",0,2,,,37,17,0.459,0.294,,,33,14,0.485,0.5,18,1115
28,Berry,Centre,69-72,69,72,"19-9,8-6 SAA","24-4,11-3 SAA",03/01/20,Win,798,No Location Recorded,1:00 PM,18:13,,36,36,"MISS JUMPER by AYERS,PERRY",0,2,,,37,17,0.459,0.294,jumper,miss,34,14,0.471,0.5,18,1093
28,Berry,Centre,69-72,69,72,"19-9,8-6 SAA","24-4,11-3 SAA",03/01/20,Win,798,No Location Recorded,1:00 PM,18:13,"REBOUND DEF by JONES,DREW",36,36,,0,2,,,37,17,0.459,0.294,,,34,14,0.471,0.5,18,1093
28,Berry,Centre,69-72,69,72,"19-9,8-6 SAA","24-4,11-3 SAA",03/01/20,Win,798,No Location Recorded,1:00 PM,17:52,,36,36,"FOUL  by BATES,JACOB",0,2,,,37,17,0.459,0.294,foul,,34,14,0.471,0.5,17,1072
28,Berry,Centre,69-72,69,72,"19-9,8-6 SAA","24-4,11-3 SAA",03/01/20,Win,798,No Location Recorded,1:00 PM,17:52,"GOOD FT by JOHNSON,MICAH",37,36,,-1,2,ft,good,38,17,0.474,0.294,,,34,14,0.471,0.5,17,1072
28,Berry,Centre,69-72,69,72,"19-9,8-6 SAA","24-4,11-3 SAA",03/01/20,Win,798,No Location Recorded,1:00 PM,17:52,"GOOD FT by JOHNSON,MICAH",38,36,,-2,2,ft,good,39,17,0.487,0.294,,,34,14,0.471,0.5,17,1072
28,Berry,Centre,69-72,69,72,"19-9,8-6 SAA","24-4,11-3 SAA",03/01/20,Win,798,No Location Recorded,1:00 PM,17:28,,38,38,"GOOD JUMPER by RAKES,BAILEY(in the paint)",0,2,,,39,17,0.487,0.294,jumper,good,35,14,0.486,0.5,17,1048
28,Berry,Centre,69-72,69,72,"19-9,8-6 SAA","24-4,11-3 SAA",03/01/20,Win,798,No Location Recorded,1:00 PM,17:28,,38,38,"SUB IN by SPITZER,JAKOB",0,2,,,39,17,0.487,0.294,,,35,14,0.486,0.5,17,1048
28,Berry,Centre,69-72,69,72,"19-9,8-6 SAA","24-4,11-3 SAA",03/01/20,Win,798,No Location Recorded,1:00 PM,17:28,,38,38,"SUB OUT by BATES,JACOB",0,2,,,39,17,0.487,0.294,,,35,14,0.486,0.5,17,1048
28,Berry,Centre,69-72,69,72,"19-9,8-6 SAA","24-4,11-3 SAA",03/01/20,Win,798,No Location Recorded,1:00 PM,17:14,"GOOD 3PTR by HASLAM,ETHAN",41,38,,-3,2,3ptr,good,40,18,0.5,0.333,,,35,14,0.486,0.5,17,1034
28,Berry,Centre,69-72,69,72,"19-9,8-6 SAA","24-4,11-3 SAA",03/01/20,Win,798,No Location Recorded,1:00 PM,17:14,"ASSIST  by HAYNES,CALEB",41,38,,-3,2,,,40,18,0.5,0.333,,,35,14,0.486,0.5,17,1034
28,Berry,Centre,69-72,69,72,"19-9,8-6 SAA","24-4,11-3 SAA",03/01/20,Win,798,No Location Recorded,1:00 PM,17:00,,41,38,"FOUL  by SPITZER,JAKOB",-3,2,,,40,18,0.5,0.333,foul,,35,14,0.486,0.5,17,1020
28,Berry,Centre,69-72,69,72,"19-9,8-6 SAA","24-4,11-3 SAA",03/01/20,Win,798,No Location Recorded,1:00 PM,17:00,,41,38,"TURNOVER  by SPITZER,JAKOB",-3,2,,,40,18,0.5,0.333,,,35,14,0.486,0.5,17,1020
28,Berry,Centre,69-72,69,72,"19-9,8-6 SAA","24-4,11-3 SAA",03/01/20,Win,798,No Location Recorded,1:00 PM,17:00,,41,38,"SUB IN by PURVIS,KC",-3,2,,,40,18,0.5,0.333,,,35,14,0.486,0.5,17,1020
28,Berry,Centre,69-72,69,72,"19-9,8-6 SAA","24-4,11-3 SAA",03/01/20,Win,798,No Location Recorded,1:00 PM,17:00,,41,38,"SUB OUT by SPITZER,JAKOB",-3,2,,,40,18,0.5,0.333,,,35,14,0.486,0.5,17,1020
28,Berry,Centre,69-72,69,72,"19-9,8-6 SAA","24-4,11-3 SAA",03/01/20,Win,798,No Location Recorded,1:00 PM,16:44,"MISS JUMPER by HAYNES,CALEB",41,38,,-3,2,jumper,miss,41,18,0.488,0.333,,,35,14,0.486,0.5,16,1004
28,Berry,Centre,69-72,69,72,"19-9,8-6 SAA","24-4,11-3 SAA",03/01/20,Win,798,No Location Recorded,1:00 PM,16:44,,41,38,"REBOUND DEF by PURVIS,KC",-3,2,,,41,18,0.488,0.333,,,35,14,0.486,0.5,16,1004
28,Berry,Centre,69-72,69,72,"19-9,8-6 SAA","24-4,11-3 SAA",03/01/20,Win,798,No Location Recorded,1:00 PM,16:17,,41,38,"MISS JUMPER by AYERS,PERRY",-3,2,,,41,18,0.488,0.333,jumper,miss,36,14,0.472,0.5,16,977
28,Berry,Centre,69-72,69,72,"19-9,8-6 SAA","24-4,11-3 SAA",03/01/20,Win,798,No Location Recorded,1:00 PM,16:17,"REBOUND DEF by HAYNES,CALEB",41,38,,-3,2,,,41,18,0.488,0.333,,,36,14,0.472,0.5,16,977
28,Berry,Centre,69-72,69,72,"19-9,8-6 SAA","24-4,11-3 SAA",03/01/20,Win,798,No Location Recorded,1:00 PM,16:08,"MISS 3PTR by HASLAM,ETHAN",41,38,,-3,2,3ptr,miss,42,19,0.476,0.316,,,36,14,0.472,0.5,16,968
28,Berry,Centre,69-72,69,72,"19-9,8-6 SAA","24-4,11-3 SAA",03/01/20,Win,798,No Location Recorded,1:00 PM,16:08,,41,38,"REBOUND DEF by AYERS,PERRY",-3,2,,,42,19,0.476,0.316,,,36,14,0.472,0.5,16,968
28,Berry,Centre,69-72,69,72,"19-9,8-6 SAA","24-4,11-3 SAA",03/01/20,Win,798,No Location Recorded,1:00 PM,16:01,"FOUL  by ESTES,DJ",41,38,,-3,2,foul,,42,19,0.476,0.316,,,36,14,0.472,0.5,16,961
28,Berry,Centre,69-72,69,72,"19-9,8-6 SAA","24-4,11-3 SAA",03/01/20,Win,798,No Location Recorded,1:00 PM,16:01,"SUB IN by BROOKS,AUSTIN",41,38,,-3,2,,,42,19,0.476,0.316,,,36,14,0.472,0.5,16,961
28,Berry,Centre,69-72,69,72,"19-9,8-6 SAA","24-4,11-3 SAA",03/01/20,Win,798,No Location Recorded,1:00 PM,16:01,"SUB IN by WEHUNT,DAWSON",41,38,,-3,2,,,42,19,0.476,0.316,,,36,14,0.472,0.5,16,961
28,Berry,Centre,69-72,69,72,"19-9,8-6 SAA","24-4,11-3 SAA",03/01/20,Win,798,No Location Recorded,1:00 PM,16:01,"SUB OUT by HAYNES,CALEB",41,38,,-3,2,,,42,19,0.476,0.316,,,36,14,0.472,0.5,16,961
28,Berry,Centre,69-72,69,72,"19-9,8-6 SAA","24-4,11-3 SAA",03/01/20,Win,798,No Location Recorded,1:00 PM,16:01,"SUB OUT by ESTES,DJ",41,38,,-3,2,,,42,19,0.476,0.316,,,36,14,0.472,0.5,16,961
28,Berry,Centre,69-72,69,72,"19-9,8-6 SAA","24-4,11-3 SAA",03/01/20,Win,798,No Location Recorded,1:00 PM,15:45,,41,38,"TURNOVER  by RAKES,BAILEY",-3,2,,,42,19,0.476,0.316,,,36,14,0.472,0.5,15,945
28,Berry,Centre,69-72,69,72,"19-9,8-6 SAA","24-4,11-3 SAA",03/01/20,Win,798,No Location Recorded,1:00 PM,15:45,"STEAL  by WEHUNT,DAWSON",41,38,,-3,2,,,42,19,0.476,0.316,,,36,14,0.472,0.5,15,945
28,Berry,Centre,69-72,69,72,"19-9,8-6 SAA","24-4,11-3 SAA",03/01/20,Win,798,No Location Recorded,1:00 PM,15:19,"MISS 3PTR by HASLAM,ETHAN",41,38,,-3,2,3ptr,miss,43,20,0.465,0.3,,,36,14,0.472,0.5,15,919
28,Berry,Centre,69-72,69,72,"19-9,8-6 SAA","24-4,11-3 SAA",03/01/20,Win,798,No Location Recorded,1:00 PM,15:19,,41,38,"REBOUND DEF by WALKER,ART",-3,2,,,43,20,0.465,0.3,,,36,14,0.472,0.5,15,919
28,Berry,Centre,69-72,69,72,"19-9,8-6 SAA","24-4,11-3 SAA",03/01/20,Win,798,No Location Recorded,1:00 PM,15:12,,41,41,"GOOD 3PTR by AYERS,PERRY(fastbreak)",0,2,,,43,20,0.465,0.3,3ptr,good,37,15,0.486,0.533,15,912
28,Berry,Centre,69-72,69,72,"19-9,8-6 SAA","24-4,11-3 SAA",03/01/20,Win,798,No Location Recorded,1:00 PM,15:12,,41,41,"ASSIST  by WALKER,ART",0,2,,,43,20,0.465,0.3,,,37,15,0.486,0.533,15,912
28,Berry,Centre,69-72,69,72,"19-9,8-6 SAA","24-4,11-3 SAA",03/01/20,Win,798,No Location Recorded,1:00 PM,14:41,"MISS 3PTR by WEHUNT,DAWSON",41,41,,0,2,3ptr,miss,44,21,0.455,0.286,,,37,15,0.486,0.533,14,881
28,Berry,Centre,69-72,69,72,"19-9,8-6 SAA","24-4,11-3 SAA",03/01/20,Win,798,No Location Recorded,1:00 PM,14:41,"REBOUND OFF by BROOKS,AUSTIN",41,41,,0,2,,,44,21,0.455,0.286,,,37,15,0.486,0.533,14,881
28,Berry,Centre,69-72,69,72,"19-9,8-6 SAA","24-4,11-3 SAA",03/01/20,Win,798,No Location Recorded,1:00 PM,14:36,"GOOD LAYUP by BROOKS,AUSTIN(in the paint)",43,41,,-2,2,layup,good,45,21,0.467,0.286,,,37,15,0.486,0.533,14,876
28,Berry,Centre,69-72,69,72,"19-9,8-6 SAA","24-4,11-3 SAA",03/01/20,Win,798,No Location Recorded,1:00 PM,14:36,,43,41,"FOUL  by PURVIS,KC",-2,2,,,45,21,0.467,0.286,foul,,37,15,0.486,0.533,14,876
28,Berry,Centre,69-72,69,72,"19-9,8-6 SAA","24-4,11-3 SAA",03/01/20,Win,798,No Location Recorded,1:00 PM,14:36,TIMEOUT 20SEC by TEAM,43,41,,-2,2,,,45,21,0.467,0.286,,,37,15,0.486,0.533,14,876
28,Berry,Centre,69-72,69,72,"19-9,8-6 SAA","24-4,11-3 SAA",03/01/20,Win,798,No Location Recorded,1:00 PM,14:36,"MISS FT by BROOKS,AUSTIN",43,41,,-2,2,ft,miss,46,21,0.457,0.286,,,37,15,0.486,0.533,14,876
28,Berry,Centre,69-72,69,72,"19-9,8-6 SAA","24-4,11-3 SAA",03/01/20,Win,798,No Location Recorded,1:00 PM,14:36,,43,41,"SUB IN by BATES,JACOB",-2,2,,,46,21,0.457,0.286,,,37,15,0.486,0.533,14,876
28,Berry,Centre,69-72,69,72,"19-9,8-6 SAA","24-4,11-3 SAA",03/01/20,Win,798,No Location Recorded,1:00 PM,14:36,,43,41,"SUB IN by BAUGHMAN,CARTER",-2,2,,,46,21,0.457,0.286,,,37,15,0.486,0.533,14,876
28,Berry,Centre,69-72,69,72,"19-9,8-6 SAA","24-4,11-3 SAA",03/01/20,Win,798,No Location Recorded,1:00 PM,14:36,,43,41,"SUB OUT by PURVIS,KC",-2,2,,,46,21,0.457,0.286,,,37,15,0.486,0.533,14,876
28,Berry,Centre,69-72,69,72,"19-9,8-6 SAA","24-4,11-3 SAA",03/01/20,Win,798,No Location Recorded,1:00 PM,14:36,,43,41,"SUB OUT by RAKES,BAILEY",-2,2,,,46,21,0.457,0.286,,,37,15,0.486,0.533,14,876
28,Berry,Centre,69-72,69,72,"19-9,8-6 SAA","24-4,11-3 SAA",03/01/20,Win,798,No Location Recorded,1:00 PM,14:36,,43,41,"REBOUND DEF by CRUMP,DAWSON",-2,2,,,46,21,0.457,0.286,,,37,15,0.486,0.533,14,876
28,Berry,Centre,69-72,69,72,"19-9,8-6 SAA","24-4,11-3 SAA",03/01/20,Win,798,No Location Recorded,1:00 PM,14:24,,43,41,"MISS LAYUP by BATES,JACOB",-2,2,,,46,21,0.457,0.286,layup,miss,38,15,0.474,0.533,14,864
28,Berry,Centre,69-72,69,72,"19-9,8-6 SAA","24-4,11-3 SAA",03/01/20,Win,798,No Location Recorded,1:00 PM,14:24,,43,41,"REBOUND OFF by CRUMP,DAWSON",-2,2,,,46,21,0.457,0.286,,,38,15,0.474,0.533,14,864
28,Berry,Centre,69-72,69,72,"19-9,8-6 SAA","24-4,11-3 SAA",03/01/20,Win,798,No Location Recorded,1:00 PM,14:15,,43,41,"MISS LAYUP by CRUMP,DAWSON",-2,2,,,46,21,0.457,0.286,layup,miss,39,15,0.462,0.533,14,855
28,Berry,Centre,69-72,69,72,"19-9,8-6 SAA","24-4,11-3 SAA",03/01/20,Win,798,No Location Recorded,1:00 PM,14:15,"BLOCK  by BROOKS,AUSTIN",43,41,,-2,2,,,46,21,0.457,0.286,,,39,15,0.462,0.533,14,855
28,Berry,Centre,69-72,69,72,"19-9,8-6 SAA","24-4,11-3 SAA",03/01/20,Win,798,No Location Recorded,1:00 PM,14:15,"REBOUND DEF by JONES,DREW",43,41,,-2,2,,,46,21,0.457,0.286,,,39,15,0.462,0.533,14,855
28,Berry,Centre,69-72,69,72,"19-9,8-6 SAA","24-4,11-3 SAA",03/01/20,Win,798,No Location Recorded,1:00 PM,14:03,,43,41,"FOUL  by CRUMP,DAWSON",-2,2,,,46,21,0.457,0.286,foul,,39,15,0.462,0.533,14,843
28,Berry,Centre,69-72,69,72,"19-9,8-6 SAA","24-4,11-3 SAA",03/01/20,Win,798,No Location Recorded,1:00 PM,14:03,,43,41,"SUB IN by SPITZER,JAKOB",-2,2,,,46,21,0.457,0.286,,,39,15,0.462,0.533,14,843
28,Berry,Centre,69-72,69,72,"19-9,8-6 SAA","24-4,11-3 SAA",03/01/20,Win,798,No Location Recorded,1:00 PM,14:03,,43,41,"SUB OUT by BATES,JACOB",-2,2,,,46,21,0.457,0.286,,,39,15,0.462,0.533,14,843
28,Berry,Centre,69-72,69,72,"19-9,8-6 SAA","24-4,11-3 SAA",03/01/20,Win,798,No Location Recorded,1:00 PM,13:54,,43,41,"FOUL  by CRUMP,DAWSON",-2,2,,,46,21,0.457,0.286,foul,,39,15,0.462,0.533,13,834
28,Berry,Centre,69-72,69,72,"19-9,8-6 SAA","24-4,11-3 SAA",03/01/20,Win,798,No Location Recorded,1:00 PM,13:54,,43,41,"SUB IN by RAKES,BAILEY",-2,2,,,46,21,0.457,0.286,,,39,15,0.462,0.533,13,834
28,Berry,Centre,69-72,69,72,"19-9,8-6 SAA","24-4,11-3 SAA",03/01/20,Win,798,No Location Recorded,1:00 PM,13:54,,43,41,"SUB OUT by CRUMP,DAWSON",-2,2,,,46,21,0.457,0.286,,,39,15,0.462,0.533,13,834
28,Berry,Centre,69-72,69,72,"19-9,8-6 SAA","24-4,11-3 SAA",03/01/20,Win,798,No Location Recorded,1:00 PM,13:48,"TURNOVER  by BROOKS,AUSTIN",43,41,,-2,2,,,46,21,0.457,0.286,,,39,15,0.462,0.533,13,828
28,Berry,Centre,69-72,69,72,"19-9,8-6 SAA","24-4,11-3 SAA",03/01/20,Win,798,No Location Recorded,1:00 PM,13:48,,43,41,"SUB IN by BATES,JACOB",-2,2,,,46,21,0.457,0.286,,,39,15,0.462,0.533,13,828
28,Berry,Centre,69-72,69,72,"19-9,8-6 SAA","24-4,11-3 SAA",03/01/20,Win,798,No Location Recorded,1:00 PM,13:48,,43,41,"SUB OUT by SPITZER,JAKOB",-2,2,,,46,21,0.457,0.286,,,39,15,0.462,0.533,13,828
28,Berry,Centre,69-72,69,72,"19-9,8-6 SAA","24-4,11-3 SAA",03/01/20,Win,798,No Location Recorded,1:00 PM,13:32,"FOUL  by HASLAM,ETHAN",43,41,,-2,2,foul,,46,21,0.457,0.286,,,39,15,0.462,0.533,13,812
28,Berry,Centre,69-72,69,72,"19-9,8-6 SAA","24-4,11-3 SAA",03/01/20,Win,798,No Location Recorded,1:00 PM,13:32,"SUB IN by HAYNES,CALEB",43,41,,-2,2,,,46,21,0.457,0.286,,,39,15,0.462,0.533,13,812
28,Berry,Centre,69-72,69,72,"19-9,8-6 SAA","24-4,11-3 SAA",03/01/20,Win,798,No Location Recorded,1:00 PM,13:32,"SUB OUT by JONES,DREW",43,41,,-2,2,,,46,21,0.457,0.286,,,39,15,0.462,0.533,13,812
28,Berry,Centre,69-72,69,72,"19-9,8-6 SAA","24-4,11-3 SAA",03/01/20,Win,798,No Location Recorded,1:00 PM,13:20,,43,41,"MISS JUMPER by WALKER,ART",-2,2,,,46,21,0.457,0.286,jumper,miss,40,15,0.45,0.533,13,800
28,Berry,Centre,69-72,69,72,"19-9,8-6 SAA","24-4,11-3 SAA",03/01/20,Win,798,No Location Recorded,1:00 PM,13:20,"REBOUND DEF by JOHNSON,MICAH",43,41,,-2,2,,,46,21,0.457,0.286,,,40,15,0.45,0.533,13,800
28,Berry,Centre,69-72,69,72,"19-9,8-6 SAA","24-4,11-3 SAA",03/01/20,Win,798,No Location Recorded,1:00 PM,12:59,"GOOD LAYUP by BROOKS,AUSTIN(in the paint)",45,41,,-4,2,layup,good,47,21,0.468,0.286,,,40,15,0.45,0.533,12,779
28,Berry,Centre,69-72,69,72,"19-9,8-6 SAA","24-4,11-3 SAA",03/01/20,Win,798,No Location Recorded,1:00 PM,12:42,"FOUL  by BROOKS,AUSTIN",45,41,,-4,2,foul,,47,21,0.468,0.286,,,40,15,0.45,0.533,12,762
28,Berry,Centre,69-72,69,72,"19-9,8-6 SAA","24-4,11-3 SAA",03/01/20,Win,798,No Location Recorded,1:00 PM,12:42,,45,42,"GOOD FT by AYERS,PERRY",-3,2,,,47,21,0.468,0.286,ft,good,41,15,0.463,0.533,12,762
28,Berry,Centre,69-72,69,72,"19-9,8-6 SAA","24-4,11-3 SAA",03/01/20,Win,798,No Location Recorded,1:00 PM,12:42,,45,43,"GOOD FT by AYERS,PERRY",-2,2,,,47,21,0.468,0.286,ft,good,42,15,0.476,0.533,12,762
28,Berry,Centre,69-72,69,72,"19-9,8-6 SAA","24-4,11-3 SAA",03/01/20,Win,798,No Location Recorded,1:00 PM,12:42,,45,43,"SUB IN by PURVIS,KC",-2,2,,,47,21,0.468,0.286,,,42,15,0.476,0.533,12,762
28,Berry,Centre,69-72,69,72,"19-9,8-6 SAA","24-4,11-3 SAA",03/01/20,Win,798,No Location Recorded,1:00 PM,12:42,,45,43,"SUB IN by SPITZER,JAKOB",-2,2,,,47,21,0.468,0.286,,,42,15,0.476,0.533,12,762
28,Berry,Centre,69-72,69,72,"19-9,8-6 SAA","24-4,11-3 SAA",03/01/20,Win,798,No Location Recorded,1:00 PM,12:42,,45,43,"SUB OUT by BATES,JACOB",-2,2,,,47,21,0.468,0.286,,,42,15,0.476,0.533,12,762
28,Berry,Centre,69-72,69,72,"19-9,8-6 SAA","24-4,11-3 SAA",03/01/20,Win,798,No Location Recorded,1:00 PM,12:42,,45,43,"SUB OUT by WALKER,ART",-2,2,,,47,21,0.468,0.286,,,42,15,0.476,0.533,12,762
28,Berry,Centre,69-72,69,72,"19-9,8-6 SAA","24-4,11-3 SAA",03/01/20,Win,798,No Location Recorded,1:00 PM,12:27,"GOOD LAYUP by BROOKS,AUSTIN(in the paint)",47,43,,-4,2,layup,good,48,21,0.479,0.286,,,42,15,0.476,0.533,12,747
28,Berry,Centre,69-72,69,72,"19-9,8-6 SAA","24-4,11-3 SAA",03/01/20,Win,798,No Location Recorded,1:00 PM,12:03,,47,43,"MISS JUMPER by SPITZER,JAKOB",-4,2,,,48,21,0.479,0.286,jumper,miss,43,15,0.465,0.533,12,723
28,Berry,Centre,69-72,69,72,"19-9,8-6 SAA","24-4,11-3 SAA",03/01/20,Win,798,No Location Recorded,1:00 PM,12:03,"REBOUND DEF by HAYNES,CALEB",47,43,,-4,2,,,48,21,0.479,0.286,,,43,15,0.465,0.533,12,723
28,Berry,Centre,69-72,69,72,"19-9,8-6 SAA","24-4,11-3 SAA",03/01/20,Win,798,No Location Recorded,1:00 PM,11:47,"GOOD 3PTR by JOHNSON,MICAH",50,43,,-7,2,3ptr,good,49,22,0.49,0.318,,,43,15,0.465,0.533,11,707
28,Berry,Centre,69-72,69,72,"19-9,8-6 SAA","24-4,11-3 SAA",03/01/20,Win,798,No Location Recorded,1:00 PM,11:47,"ASSIST  by WEHUNT,DAWSON",50,43,,-7,2,,,49,22,0.49,0.318,,,43,15,0.465,0.533,11,707
28,Berry,Centre,69-72,69,72,"19-9,8-6 SAA","24-4,11-3 SAA",03/01/20,Win,798,No Location Recorded,1:00 PM,11:44,,50,43,TIMEOUT 30SEC by TEAM,-7,2,,,49,22,0.49,0.318,,,43,15,0.465,0.533,11,704
28,Berry,Centre,69-72,69,72,"19-9,8-6 SAA","24-4,11-3 SAA",03/01/20,Win,798,No Location Recorded,1:00 PM,11:44,"SUB IN by JONES,DREW",50,43,,-7,2,,,49,22,0.49,0.318,,,43,15,0.465,0.533,11,704
28,Berry,Centre,69-72,69,72,"19-9,8-6 SAA","24-4,11-3 SAA",03/01/20,Win,798,No Location Recorded,1:00 PM,11:44,"SUB OUT by BROOKS,AUSTIN",50,43,,-7,2,,,49,22,0.49,0.318,,,43,15,0.465,0.533,11,704
28,Berry,Centre,69-72,69,72,"19-9,8-6 SAA","24-4,11-3 SAA",03/01/20,Win,798,No Location Recorded,1:00 PM,11:44,,50,43,"SUB IN by CRUMP,DAWSON",-7,2,,,49,22,0.49,0.318,,,43,15,0.465,0.533,11,704
28,Berry,Centre,69-72,69,72,"19-9,8-6 SAA","24-4,11-3 SAA",03/01/20,Win,798,No Location Recorded,1:00 PM,11:44,,50,43,"SUB IN by BATES,JACOB",-7,2,,,49,22,0.49,0.318,,,43,15,0.465,0.533,11,704
28,Berry,Centre,69-72,69,72,"19-9,8-6 SAA","24-4,11-3 SAA",03/01/20,Win,798,No Location Recorded,1:00 PM,11:44,,50,43,"SUB IN by WALKER,ART",-7,2,,,49,22,0.49,0.318,,,43,15,0.465,0.533,11,704
28,Berry,Centre,69-72,69,72,"19-9,8-6 SAA","24-4,11-3 SAA",03/01/20,Win,798,No Location Recorded,1:00 PM,11:44,,50,43,"SUB OUT by BAUGHMAN,CARTER",-7,2,,,49,22,0.49,0.318,,,43,15,0.465,0.533,11,704
28,Berry,Centre,69-72,69,72,"19-9,8-6 SAA","24-4,11-3 SAA",03/01/20,Win,798,No Location Recorded,1:00 PM,11:44,,50,43,"SUB OUT by PURVIS,KC",-7,2,,,49,22,0.49,0.318,,,43,15,0.465,0.533,11,704
28,Berry,Centre,69-72,69,72,"19-9,8-6 SAA","24-4,11-3 SAA",03/01/20,Win,798,No Location Recorded,1:00 PM,11:44,,50,43,"SUB OUT by SPITZER,JAKOB",-7,2,,,49,22,0.49,0.318,,,43,15,0.465,0.533,11,704
28,Berry,Centre,69-72,69,72,"19-9,8-6 SAA","24-4,11-3 SAA",03/01/20,Win,798,No Location Recorded,1:00 PM,11:38,"FOUL  by JOHNSON,MICAH",50,43,,-7,2,foul,,49,22,0.49,0.318,,,43,15,0.465,0.533,11,698
28,Berry,Centre,69-72,69,72,"19-9,8-6 SAA","24-4,11-3 SAA",03/01/20,Win,798,No Location Recorded,1:00 PM,11:37,TIMEOUT 20SEC by TEAM,50,43,,-7,2,,,49,22,0.49,0.318,,,43,15,0.465,0.533,11,697
28,Berry,Centre,69-72,69,72,"19-9,8-6 SAA","24-4,11-3 SAA",03/01/20,Win,798,No Location Recorded,1:00 PM,11:24,"FOUL  by HAYNES,CALEB",50,43,,-7,2,foul,,49,22,0.49,0.318,,,43,15,0.465,0.533,11,684
28,Berry,Centre,69-72,69,72,"19-9,8-6 SAA","24-4,11-3 SAA",03/01/20,Win,798,No Location Recorded,1:00 PM,11:20,,50,46,"GOOD 3PTR by AYERS,PERRY",-4,2,,,49,22,0.49,0.318,3ptr,good,44,16,0.477,0.562,11,680
28,Berry,Centre,69-72,69,72,"19-9,8-6 SAA","24-4,11-3 SAA",03/01/20,Win,798,No Location Recorded,1:00 PM,11:00,"GOOD JUMPER by JOHNSON,MICAH(in the paint)",52,46,,-6,2,jumper,good,50,22,0.5,0.318,,,44,16,0.477,0.562,11,660
28,Berry,Centre,69-72,69,72,"19-9,8-6 SAA","24-4,11-3 SAA",03/01/20,Win,798,No Location Recorded,1:00 PM,10:41,,52,46,"TURNOVER  by CRUMP,DAWSON",-6,2,,,50,22,0.5,0.318,,,44,16,0.477,0.562,10,641
28,Berry,Centre,69-72,69,72,"19-9,8-6 SAA","24-4,11-3 SAA",03/01/20,Win,798,No Location Recorded,1:00 PM,10:41,"STEAL  by HASLAM,ETHAN",52,46,,-6,2,,,50,22,0.5,0.318,,,44,16,0.477,0.562,10,641
28,Berry,Centre,69-72,69,72,"19-9,8-6 SAA","24-4,11-3 SAA",03/01/20,Win,798,No Location Recorded,1:00 PM,10:22,"MISS JUMPER by HASLAM,ETHAN",52,46,,-6,2,jumper,miss,51,22,0.49,0.318,,,44,16,0.477,0.562,10,622
28,Berry,Centre,69-72,69,72,"19-9,8-6 SAA","24-4,11-3 SAA",03/01/20,Win,798,No Location Recorded,1:00 PM,10:22,,52,46,"REBOUND DEF by BATES,JACOB",-6,2,,,51,22,0.49,0.318,,,44,16,0.477,0.562,10,622
28,Berry,Centre,69-72,69,72,"19-9,8-6 SAA","24-4,11-3 SAA",03/01/20,Win,798,No Location Recorded,1:00 PM,10:18,"SUB IN by BROOKS,AUSTIN",52,46,,-6,2,,,51,22,0.49,0.318,,,44,16,0.477,0.562,10,618
28,Berry,Centre,69-72,69,72,"19-9,8-6 SAA","24-4,11-3 SAA",03/01/20,Win,798,No Location Recorded,1:00 PM,10:18,"SUB OUT by HAYNES,CALEB",52,46,,-6,2,,,51,22,0.49,0.318,,,44,16,0.477,0.562,10,618
28,Berry,Centre,69-72,69,72,"19-9,8-6 SAA","24-4,11-3 SAA",03/01/20,Win,798,No Location Recorded,1:00 PM,10:06,,52,49,"GOOD 3PTR by WALKER,ART",-3,2,,,51,22,0.49,0.318,3ptr,good,45,17,0.489,0.588,10,606
28,Berry,Centre,69-72,69,72,"19-9,8-6 SAA","24-4,11-3 SAA",03/01/20,Win,798,No Location Recorded,1:00 PM,10:06,,52,49,"ASSIST  by CRUMP,DAWSON",-3,2,,,51,22,0.49,0.318,,,45,17,0.489,0.588,10,606
28,Berry,Centre,69-72,69,72,"19-9,8-6 SAA","24-4,11-3 SAA",03/01/20,Win,798,No Location Recorded,1:00 PM,09:45,"GOOD LAYUP by BROOKS,AUSTIN(in the paint)",54,49,,-5,2,layup,good,52,22,0.5,0.318,,,45,17,0.489,0.588,09,585
28,Berry,Centre,69-72,69,72,"19-9,8-6 SAA","24-4,11-3 SAA",03/01/20,Win,798,No Location Recorded,1:00 PM,09:45,"ASSIST  by JOHNSON,MICAH",54,49,,-5,2,,,52,22,0.5,0.318,,,45,17,0.489,0.588,09,585
28,Berry,Centre,69-72,69,72,"19-9,8-6 SAA","24-4,11-3 SAA",03/01/20,Win,798,No Location Recorded,1:00 PM,09:32,,54,49,"MISS 3PTR by WALKER,ART",-5,2,,,52,22,0.5,0.318,3ptr,miss,46,18,0.478,0.556,09,572
28,Berry,Centre,69-72,69,72,"19-9,8-6 SAA","24-4,11-3 SAA",03/01/20,Win,798,No Location Recorded,1:00 PM,09:32,"REBOUND DEF by BROOKS,AUSTIN",54,49,,-5,2,,,52,22,0.5,0.318,,,46,18,0.478,0.556,09,572
28,Berry,Centre,69-72,69,72,"19-9,8-6 SAA","24-4,11-3 SAA",03/01/20,Win,798,No Location Recorded,1:00 PM,09:20,"SUB IN by ESTES,DJ",54,49,,-5,2,,,52,22,0.5,0.318,,,46,18,0.478,0.556,09,560
28,Berry,Centre,69-72,69,72,"19-9,8-6 SAA","24-4,11-3 SAA",03/01/20,Win,798,No Location Recorded,1:00 PM,09:20,"SUB IN by SOWADA,COLLIN",54,49,,-5,2,,,52,22,0.5,0.318,,,46,18,0.478,0.556,09,560
28,Berry,Centre,69-72,69,72,"19-9,8-6 SAA","24-4,11-3 SAA",03/01/20,Win,798,No Location Recorded,1:00 PM,09:20,"SUB OUT by WEHUNT,DAWSON",54,49,,-5,2,,,52,22,0.5,0.318,,,46,18,0.478,0.556,09,560
28,Berry,Centre,69-72,69,72,"19-9,8-6 SAA","24-4,11-3 SAA",03/01/20,Win,798,No Location Recorded,1:00 PM,09:20,"SUB OUT by JOHNSON,MICAH",54,49,,-5,2,,,52,22,0.5,0.318,,,46,18,0.478,0.556,09,560
28,Berry,Centre,69-72,69,72,"19-9,8-6 SAA","24-4,11-3 SAA",03/01/20,Win,798,No Location Recorded,1:00 PM,09:20,,54,49,"SUB IN by SPITZER,JAKOB",-5,2,,,52,22,0.5,0.318,,,46,18,0.478,0.556,09,560
28,Berry,Centre,69-72,69,72,"19-9,8-6 SAA","24-4,11-3 SAA",03/01/20,Win,798,No Location Recorded,1:00 PM,09:20,,54,49,"SUB OUT by BATES,JACOB",-5,2,,,52,22,0.5,0.318,,,46,18,0.478,0.556,09,560
28,Berry,Centre,69-72,69,72,"19-9,8-6 SAA","24-4,11-3 SAA",03/01/20,Win,798,No Location Recorded,1:00 PM,09:06,"GOOD 3PTR by SOWADA,COLLIN",57,49,,-8,2,3ptr,good,53,23,0.509,0.348,,,46,18,0.478,0.556,09,546
28,Berry,Centre,69-72,69,72,"19-9,8-6 SAA","24-4,11-3 SAA",03/01/20,Win,798,No Location Recorded,1:00 PM,08:41,,57,49,"TURNOVER  by WALKER,ART",-8,2,,,53,23,0.509,0.348,,,46,18,0.478,0.556,08,521
28,Berry,Centre,69-72,69,72,"19-9,8-6 SAA","24-4,11-3 SAA",03/01/20,Win,798,No Location Recorded,1:00 PM,08:41,,57,49,"SUB IN by PURVIS,KC",-8,2,,,53,23,0.509,0.348,,,46,18,0.478,0.556,08,521
28,Berry,Centre,69-72,69,72,"19-9,8-6 SAA","24-4,11-3 SAA",03/01/20,Win,798,No Location Recorded,1:00 PM,08:41,,57,49,"SUB OUT by WALKER,ART",-8,2,,,53,23,0.509,0.348,,,46,18,0.478,0.556,08,521
28,Berry,Centre,69-72,69,72,"19-9,8-6 SAA","24-4,11-3 SAA",03/01/20,Win,798,No Location Recorded,1:00 PM,08:33,"SUB IN by HAYNES,CALEB",57,49,,-8,2,,,53,23,0.509,0.348,,,46,18,0.478,0.556,08,513
28,Berry,Centre,69-72,69,72,"19-9,8-6 SAA","24-4,11-3 SAA",03/01/20,Win,798,No Location Recorded,1:00 PM,08:33,"SUB OUT by JONES,DREW",57,49,,-8,2,,,53,23,0.509,0.348,,,46,18,0.478,0.556,08,513
28,Berry,Centre,69-72,69,72,"19-9,8-6 SAA","24-4,11-3 SAA",03/01/20,Win,798,No Location Recorded,1:00 PM,08:32,"SUB IN by JONES,DREW",57,49,,-8,2,,,53,23,0.509,0.348,,,46,18,0.478,0.556,08,512
28,Berry,Centre,69-72,69,72,"19-9,8-6 SAA","24-4,11-3 SAA",03/01/20,Win,798,No Location Recorded,1:00 PM,08:32,"SUB OUT by HASLAM,ETHAN",57,49,,-8,2,,,53,23,0.509,0.348,,,46,18,0.478,0.556,08,512
28,Berry,Centre,69-72,69,72,"19-9,8-6 SAA","24-4,11-3 SAA",03/01/20,Win,798,No Location Recorded,1:00 PM,08:20,,57,49,"FOUL  by SPITZER,JAKOB",-8,2,,,53,23,0.509,0.348,foul,,46,18,0.478,0.556,08,500
28,Berry,Centre,69-72,69,72,"19-9,8-6 SAA","24-4,11-3 SAA",03/01/20,Win,798,No Location Recorded,1:00 PM,08:20,"MISS FT by BROOKS,AUSTIN",57,49,,-8,2,ft,miss,54,23,0.5,0.348,,,46,18,0.478,0.556,08,500
28,Berry,Centre,69-72,69,72,"19-9,8-6 SAA","24-4,11-3 SAA",03/01/20,Win,798,No Location Recorded,1:00 PM,08:20,REBOUND DEADB by TEAM,57,49,,-8,2,,,54,23,0.5,0.348,,,46,18,0.478,0.556,08,500
28,Berry,Centre,69-72,69,72,"19-9,8-6 SAA","24-4,11-3 SAA",03/01/20,Win,798,No Location Recorded,1:00 PM,08:20,"MISS FT by BROOKS,AUSTIN",57,49,,-8,2,ft,miss,55,23,0.491,0.348,,,46,18,0.478,0.556,08,500
28,Berry,Centre,69-72,69,72,"19-9,8-6 SAA","24-4,11-3 SAA",03/01/20,Win,798,No Location Recorded,1:00 PM,08:20,"SUB IN by COSTAS,RILEY",57,49,,-8,2,,,55,23,0.491,0.348,,,46,18,0.478,0.556,08,500
28,Berry,Centre,69-72,69,72,"19-9,8-6 SAA","24-4,11-3 SAA",03/01/20,Win,798,No Location Recorded,1:00 PM,08:20,"SUB IN by JOHNSON,MICAH",57,49,,-8,2,,,55,23,0.491,0.348,,,46,18,0.478,0.556,08,500
28,Berry,Centre,69-72,69,72,"19-9,8-6 SAA","24-4,11-3 SAA",03/01/20,Win,798,No Location Recorded,1:00 PM,08:20,"SUB OUT by JONES,DREW",57,49,,-8,2,,,55,23,0.491,0.348,,,46,18,0.478,0.556,08,500
28,Berry,Centre,69-72,69,72,"19-9,8-6 SAA","24-4,11-3 SAA",03/01/20,Win,798,No Location Recorded,1:00 PM,08:20,"SUB OUT by ESTES,DJ",57,49,,-8,2,,,55,23,0.491,0.348,,,46,18,0.478,0.556,08,500
28,Berry,Centre,69-72,69,72,"19-9,8-6 SAA","24-4,11-3 SAA",03/01/20,Win,798,No Location Recorded,1:00 PM,08:20,,57,49,"SUB IN by BATES,JACOB",-8,2,,,55,23,0.491,0.348,,,46,18,0.478,0.556,08,500
28,Berry,Centre,69-72,69,72,"19-9,8-6 SAA","24-4,11-3 SAA",03/01/20,Win,798,No Location Recorded,1:00 PM,08:20,,57,49,"SUB OUT by SPITZER,JAKOB",-8,2,,,55,23,0.491,0.348,,,46,18,0.478,0.556,08,500
28,Berry,Centre,69-72,69,72,"19-9,8-6 SAA","24-4,11-3 SAA",03/01/20,Win,798,No Location Recorded,1:00 PM,08:20,,57,49,"REBOUND DEF by PURVIS,KC",-8,2,,,55,23,0.491,0.348,,,46,18,0.478,0.556,08,500
28,Berry,Centre,69-72,69,72,"19-9,8-6 SAA","24-4,11-3 SAA",03/01/20,Win,798,No Location Recorded,1:00 PM,08:05,,57,49,"MISS LAYUP by BATES,JACOB",-8,2,,,55,23,0.491,0.348,layup,miss,47,18,0.468,0.556,08,485
28,Berry,Centre,69-72,69,72,"19-9,8-6 SAA","24-4,11-3 SAA",03/01/20,Win,798,No Location Recorded,1:00 PM,08:05,"BLOCK  by BROOKS,AUSTIN",57,49,,-8,2,,,55,23,0.491,0.348,,,47,18,0.468,0.556,08,485
28,Berry,Centre,69-72,69,72,"19-9,8-6 SAA","24-4,11-3 SAA",03/01/20,Win,798,No Location Recorded,1:00 PM,08:05,"REBOUND DEF by HAYNES,CALEB",57,49,,-8,2,,,55,23,0.491,0.348,,,47,18,0.468,0.556,08,485
28,Berry,Centre,69-72,69,72,"19-9,8-6 SAA","24-4,11-3 SAA",03/01/20,Win,798,No Location Recorded,1:00 PM,07:41,"MISS JUMPER by HAYNES,CALEB",57,49,,-8,2,jumper,miss,56,23,0.482,0.348,,,47,18,0.468,0.556,07,461
28,Berry,Centre,69-72,69,72,"19-9,8-6 SAA","24-4,11-3 SAA",03/01/20,Win,798,No Location Recorded,1:00 PM,07:41,,57,49,"REBOUND DEF by PURVIS,KC",-8,2,,,56,23,0.482,0.348,,,47,18,0.468,0.556,07,461
28,Berry,Centre,69-72,69,72,"19-9,8-6 SAA","24-4,11-3 SAA",03/01/20,Win,798,No Location Recorded,1:00 PM,07:37,"FOUL  by SOWADA,COLLIN",57,49,,-8,2,foul,,56,23,0.482,0.348,,,47,18,0.468,0.556,07,457
28,Berry,Centre,69-72,69,72,"19-9,8-6 SAA","24-4,11-3 SAA",03/01/20,Win,798,No Location Recorded,1:00 PM,07:37,TIMEOUT 20SEC by TEAM,57,49,,-8,2,,,56,23,0.482,0.348,,,47,18,0.468,0.556,07,457
28,Berry,Centre,69-72,69,72,"19-9,8-6 SAA","24-4,11-3 SAA",03/01/20,Win,798,No Location Recorded,1:00 PM,07:37,"SUB IN by JONES,DREW",57,49,,-8,2,,,56,23,0.482,0.348,,,47,18,0.468,0.556,07,457
28,Berry,Centre,69-72,69,72,"19-9,8-6 SAA","24-4,11-3 SAA",03/01/20,Win,798,No Location Recorded,1:00 PM,07:37,"SUB IN by HASLAM,ETHAN",57,49,,-8,2,,,56,23,0.482,0.348,,,47,18,0.468,0.556,07,457
28,Berry,Centre,69-72,69,72,"19-9,8-6 SAA","24-4,11-3 SAA",03/01/20,Win,798,No Location Recorded,1:00 PM,07:37,"SUB OUT by COSTAS,RILEY",57,49,,-8,2,,,56,23,0.482,0.348,,,47,18,0.468,0.556,07,457
28,Berry,Centre,69-72,69,72,"19-9,8-6 SAA","24-4,11-3 SAA",03/01/20,Win,798,No Location Recorded,1:00 PM,07:37,"SUB OUT by SOWADA,COLLIN",57,49,,-8,2,,,56,23,0.482,0.348,,,47,18,0.468,0.556,07,457
28,Berry,Centre,69-72,69,72,"19-9,8-6 SAA","24-4,11-3 SAA",03/01/20,Win,798,No Location Recorded,1:00 PM,07:37,,57,49,"SUB IN by WALKER,ART",-8,2,,,56,23,0.482,0.348,,,47,18,0.468,0.556,07,457
28,Berry,Centre,69-72,69,72,"19-9,8-6 SAA","24-4,11-3 SAA",03/01/20,Win,798,No Location Recorded,1:00 PM,07:37,,57,49,"SUB OUT by PURVIS,KC",-8,2,,,56,23,0.482,0.348,,,47,18,0.468,0.556,07,457
28,Berry,Centre,69-72,69,72,"19-9,8-6 SAA","24-4,11-3 SAA",03/01/20,Win,798,No Location Recorded,1:00 PM,07:36,,57,52,"GOOD 3PTR by CRUMP,DAWSON",-5,2,,,56,23,0.482,0.348,3ptr,good,48,19,0.479,0.579,07,456
28,Berry,Centre,69-72,69,72,"19-9,8-6 SAA","24-4,11-3 SAA",03/01/20,Win,798,No Location Recorded,1:00 PM,07:36,,57,52,"ASSIST  by RAKES,BAILEY",-5,2,,,56,23,0.482,0.348,,,48,19,0.479,0.579,07,456
28,Berry,Centre,69-72,69,72,"19-9,8-6 SAA","24-4,11-3 SAA",03/01/20,Win,798,No Location Recorded,1:00 PM,06:56,"FOUL  by BROOKS,AUSTIN",57,52,,-5,2,foul,,56,23,0.482,0.348,,,48,19,0.479,0.579,06,416
28,Berry,Centre,69-72,69,72,"19-9,8-6 SAA","24-4,11-3 SAA",03/01/20,Win,798,No Location Recorded,1:00 PM,06:56,"TURNOVER  by BROOKS,AUSTIN",57,52,,-5,2,,,56,23,0.482,0.348,,,48,19,0.479,0.579,06,416
28,Berry,Centre,69-72,69,72,"19-9,8-6 SAA","24-4,11-3 SAA",03/01/20,Win,798,No Location Recorded,1:00 PM,06:56,"SUB IN by ESTES,DJ",57,52,,-5,2,,,56,23,0.482,0.348,,,48,19,0.479,0.579,06,416
28,Berry,Centre,69-72,69,72,"19-9,8-6 SAA","24-4,11-3 SAA",03/01/20,Win,798,No Location Recorded,1:00 PM,06:56,"SUB OUT by BROOKS,AUSTIN",57,52,,-5,2,,,56,23,0.482,0.348,,,48,19,0.479,0.579,06,416
28,Berry,Centre,69-72,69,72,"19-9,8-6 SAA","24-4,11-3 SAA",03/01/20,Win,798,No Location Recorded,1:00 PM,06:46,,57,55,"GOOD 3PTR by WALKER,ART",-2,2,,,56,23,0.482,0.348,3ptr,good,49,20,0.49,0.6,06,406
28,Berry,Centre,69-72,69,72,"19-9,8-6 SAA","24-4,11-3 SAA",03/01/20,Win,798,No Location Recorded,1:00 PM,06:46,,57,55,"ASSIST  by CRUMP,DAWSON",-2,2,,,56,23,0.482,0.348,,,49,20,0.49,0.6,06,406
28,Berry,Centre,69-72,69,72,"19-9,8-6 SAA","24-4,11-3 SAA",03/01/20,Win,798,No Location Recorded,1:00 PM,06:20,"GOOD 3PTR by JONES,DREW",60,55,,-5,2,3ptr,good,57,24,0.491,0.375,,,49,20,0.49,0.6,06,380
28,Berry,Centre,69-72,69,72,"19-9,8-6 SAA","24-4,11-3 SAA",03/01/20,Win,798,No Location Recorded,1:00 PM,06:20,"ASSIST  by HASLAM,ETHAN",60,55,,-5,2,,,57,24,0.491,0.375,,,49,20,0.49,0.6,06,380
28,Berry,Centre,69-72,69,72,"19-9,8-6 SAA","24-4,11-3 SAA",03/01/20,Win,798,No Location Recorded,1:00 PM,06:01,,60,57,"GOOD LAYUP by BATES,JACOB(in the paint)",-3,2,,,57,24,0.491,0.375,layup,good,50,20,0.5,0.6,06,361
28,Berry,Centre,69-72,69,72,"19-9,8-6 SAA","24-4,11-3 SAA",03/01/20,Win,798,No Location Recorded,1:00 PM,06:01,,60,57,"ASSIST  by CRUMP,DAWSON",-3,2,,,57,24,0.491,0.375,,,50,20,0.5,0.6,06,361
28,Berry,Centre,69-72,69,72,"19-9,8-6 SAA","24-4,11-3 SAA",03/01/20,Win,798,No Location Recorded,1:00 PM,05:45,"GOOD LAYUP by HAYNES,CALEB(in the paint)",62,57,,-5,2,layup,good,58,24,0.5,0.375,,,50,20,0.5,0.6,05,345
28,Berry,Centre,69-72,69,72,"19-9,8-6 SAA","24-4,11-3 SAA",03/01/20,Win,798,No Location Recorded,1:00 PM,05:45,"ASSIST  by JOHNSON,MICAH",62,57,,-5,2,,,58,24,0.5,0.375,,,50,20,0.5,0.6,05,345
28,Berry,Centre,69-72,69,72,"19-9,8-6 SAA","24-4,11-3 SAA",03/01/20,Win,798,No Location Recorded,1:00 PM,05:22,,62,57,"FOUL  by AYERS,PERRY",-5,2,,,58,24,0.5,0.375,foul,,50,20,0.5,0.6,05,322
28,Berry,Centre,69-72,69,72,"19-9,8-6 SAA","24-4,11-3 SAA",03/01/20,Win,798,No Location Recorded,1:00 PM,05:22,,62,57,"TURNOVER  by AYERS,PERRY",-5,2,,,58,24,0.5,0.375,,,50,20,0.5,0.6,05,322
28,Berry,Centre,69-72,69,72,"19-9,8-6 SAA","24-4,11-3 SAA",03/01/20,Win,798,No Location Recorded,1:00 PM,05:03,,62,57,"FOUL  by RAKES,BAILEY",-5,2,,,58,24,0.5,0.375,foul,,50,20,0.5,0.6,05,303
28,Berry,Centre,69-72,69,72,"19-9,8-6 SAA","24-4,11-3 SAA",03/01/20,Win,798,No Location Recorded,1:00 PM,05:03,"MISS FT by HAYNES,CALEB",62,57,,-5,2,ft,miss,59,24,0.492,0.375,,,50,20,0.5,0.6,05,303
28,Berry,Centre,69-72,69,72,"19-9,8-6 SAA","24-4,11-3 SAA",03/01/20,Win,798,No Location Recorded,1:00 PM,05:03,REBOUND DEADB by TEAM,62,57,,-5,2,,,59,24,0.492,0.375,,,50,20,0.5,0.6,05,303
28,Berry,Centre,69-72,69,72,"19-9,8-6 SAA","24-4,11-3 SAA",03/01/20,Win,798,No Location Recorded,1:00 PM,05:03,"MISS FT by HAYNES,CALEB",62,57,,-5,2,ft,miss,60,24,0.483,0.375,,,50,20,0.5,0.6,05,303
28,Berry,Centre,69-72,69,72,"19-9,8-6 SAA","24-4,11-3 SAA",03/01/20,Win,798,No Location Recorded,1:00 PM,05:03,,62,57,"REBOUND DEF by CRUMP,DAWSON",-5,2,,,60,24,0.483,0.375,,,50,20,0.5,0.6,05,303
28,Berry,Centre,69-72,69,72,"19-9,8-6 SAA","24-4,11-3 SAA",03/01/20,Win,798,No Location Recorded,1:00 PM,04:51,,62,59,"GOOD JUMPER by CRUMP,DAWSON(in the paint)",-3,2,,,60,24,0.483,0.375,jumper,good,51,20,0.51,0.6,04,291
28,Berry,Centre,69-72,69,72,"19-9,8-6 SAA","24-4,11-3 SAA",03/01/20,Win,798,No Location Recorded,1:00 PM,04:41,TIMEOUT TEAM by TEAM,62,59,,-3,2,,,60,24,0.483,0.375,,,51,20,0.51,0.6,04,281
28,Berry,Centre,69-72,69,72,"19-9,8-6 SAA","24-4,11-3 SAA",03/01/20,Win,798,No Location Recorded,1:00 PM,04:21,"MISS 3PTR by ESTES,DJ",62,59,,-3,2,3ptr,miss,61,25,0.475,0.36,,,51,20,0.51,0.6,04,261
28,Berry,Centre,69-72,69,72,"19-9,8-6 SAA","24-4,11-3 SAA",03/01/20,Win,798,No Location Recorded,1:00 PM,04:21,,62,59,"REBOUND DEF by RAKES,BAILEY",-3,2,,,61,25,0.475,0.36,,,51,20,0.51,0.6,04,261
28,Berry,Centre,69-72,69,72,"19-9,8-6 SAA","24-4,11-3 SAA",03/01/20,Win,798,No Location Recorded,1:00 PM,03:57,,62,61,"GOOD JUMPER by BATES,JACOB(in the paint)",-1,2,,,61,25,0.475,0.36,jumper,good,52,20,0.519,0.6,03,237
28,Berry,Centre,69-72,69,72,"19-9,8-6 SAA","24-4,11-3 SAA",03/01/20,Win,798,No Location Recorded,1:00 PM,03:41,"GOOD 3PTR by ESTES,DJ",65,61,,-4,2,3ptr,good,62,26,0.484,0.385,,,52,20,0.519,0.6,03,221
28,Berry,Centre,69-72,69,72,"19-9,8-6 SAA","24-4,11-3 SAA",03/01/20,Win,798,No Location Recorded,1:00 PM,03:41,"ASSIST  by JOHNSON,MICAH",65,61,,-4,2,,,62,26,0.484,0.385,,,52,20,0.519,0.6,03,221
28,Berry,Centre,69-72,69,72,"19-9,8-6 SAA","24-4,11-3 SAA",03/01/20,Win,798,No Location Recorded,1:00 PM,03:20,TIMEOUT 20SEC by TEAM,65,61,,-4,2,,,62,26,0.484,0.385,,,52,20,0.519,0.6,03,200
28,Berry,Centre,69-72,69,72,"19-9,8-6 SAA","24-4,11-3 SAA",03/01/20,Win,798,No Location Recorded,1:00 PM,03:16,,65,63,"GOOD JUMPER by BATES,JACOB(in the paint)",-2,2,,,62,26,0.484,0.385,jumper,good,53,20,0.528,0.6,03,196
28,Berry,Centre,69-72,69,72,"19-9,8-6 SAA","24-4,11-3 SAA",03/01/20,Win,798,No Location Recorded,1:00 PM,02:40,"MISS JUMPER by JONES,DREW",65,63,,-2,2,jumper,miss,63,26,0.476,0.385,,,53,20,0.528,0.6,02,160
28,Berry,Centre,69-72,69,72,"19-9,8-6 SAA","24-4,11-3 SAA",03/01/20,Win,798,No Location Recorded,1:00 PM,02:40,,65,63,"REBOUND DEF by BATES,JACOB",-2,2,,,63,26,0.476,0.385,,,53,20,0.528,0.6,02,160
28,Berry,Centre,69-72,69,72,"19-9,8-6 SAA","24-4,11-3 SAA",03/01/20,Win,798,No Location Recorded,1:00 PM,02:19,,65,63,"MISS 3PTR by AYERS,PERRY",-2,2,,,63,26,0.476,0.385,3ptr,miss,54,21,0.519,0.571,02,139
28,Berry,Centre,69-72,69,72,"19-9,8-6 SAA","24-4,11-3 SAA",03/01/20,Win,798,No Location Recorded,1:00 PM,02:19,,65,63,"REBOUND OFF by RAKES,BAILEY",-2,2,,,63,26,0.476,0.385,,,54,21,0.519,0.571,02,139
28,Berry,Centre,69-72,69,72,"19-9,8-6 SAA","24-4,11-3 SAA",03/01/20,Win,798,No Location Recorded,1:00 PM,02:15,,65,66,"GOOD 3PTR by CRUMP,DAWSON",1,2,,,63,26,0.476,0.385,3ptr,good,55,22,0.527,0.591,02,135
28,Berry,Centre,69-72,69,72,"19-9,8-6 SAA","24-4,11-3 SAA",03/01/20,Win,798,No Location Recorded,1:00 PM,02:15,,65,66,"ASSIST  by RAKES,BAILEY",1,2,,,63,26,0.476,0.385,,,55,22,0.527,0.591,02,135
28,Berry,Centre,69-72,69,72,"19-9,8-6 SAA","24-4,11-3 SAA",03/01/20,Win,798,No Location Recorded,1:00 PM,01:57,"GOOD LAYUP by HAYNES,CALEB(in the paint)",67,66,,-1,2,layup,good,64,26,0.484,0.385,,,55,22,0.527,0.591,01,117
28,Berry,Centre,69-72,69,72,"19-9,8-6 SAA","24-4,11-3 SAA",03/01/20,Win,798,No Location Recorded,1:00 PM,01:39,"FOUL  by HAYNES,CALEB",67,66,,-1,2,foul,,64,26,0.484,0.385,,,55,22,0.527,0.591,01,99
28,Berry,Centre,69-72,69,72,"19-9,8-6 SAA","24-4,11-3 SAA",03/01/20,Win,798,No Location Recorded,1:00 PM,01:39,,67,67,"GOOD FT by BATES,JACOB",0,2,,,64,26,0.484,0.385,ft,good,56,22,0.536,0.591,01,99
28,Berry,Centre,69-72,69,72,"19-9,8-6 SAA","24-4,11-3 SAA",03/01/20,Win,798,No Location Recorded,1:00 PM,01:39,,67,68,"GOOD FT by BATES,JACOB",1,2,,,64,26,0.484,0.385,ft,good,57,22,0.544,0.591,01,99
28,Berry,Centre,69-72,69,72,"19-9,8-6 SAA","24-4,11-3 SAA",03/01/20,Win,798,No Location Recorded,1:00 PM,01:25,"GOOD LAYUP by HAYNES,CALEB(in the paint)",69,68,,-1,2,layup,good,65,26,0.492,0.385,,,57,22,0.544,0.591,01,85
28,Berry,Centre,69-72,69,72,"19-9,8-6 SAA","24-4,11-3 SAA",03/01/20,Win,798,No Location Recorded,1:00 PM,01:25,"ASSIST  by JONES,DREW",69,68,,-1,2,,,65,26,0.492,0.385,,,57,22,0.544,0.591,01,85
28,Berry,Centre,69-72,69,72,"19-9,8-6 SAA","24-4,11-3 SAA",03/01/20,Win,798,No Location Recorded,1:00 PM,01:17,,69,68,TIMEOUT TEAM by TEAM,-1,2,,,65,26,0.492,0.385,,,57,22,0.544,0.591,01,77
28,Berry,Centre,69-72,69,72,"19-9,8-6 SAA","24-4,11-3 SAA",03/01/20,Win,798,No Location Recorded,1:00 PM,01:17,"SUB IN by BROOKS,AUSTIN",69,68,,-1,2,,,65,26,0.492,0.385,,,57,22,0.544,0.591,01,77
28,Berry,Centre,69-72,69,72,"19-9,8-6 SAA","24-4,11-3 SAA",03/01/20,Win,798,No Location Recorded,1:00 PM,01:17,"SUB OUT by HAYNES,CALEB",69,68,,-1,2,,,65,26,0.492,0.385,,,57,22,0.544,0.591,01,77
28,Berry,Centre,69-72,69,72,"19-9,8-6 SAA","24-4,11-3 SAA",03/01/20,Win,798,No Location Recorded,1:00 PM,01:04,,69,70,"GOOD JUMPER by BATES,JACOB(in the paint)",1,2,,,65,26,0.492,0.385,jumper,good,58,22,0.552,0.591,01,64
28,Berry,Centre,69-72,69,72,"19-9,8-6 SAA","24-4,11-3 SAA",03/01/20,Win,798,No Location Recorded,1:00 PM,01:04,"FOUL  by BROOKS,AUSTIN",69,70,,1,2,foul,,65,26,0.492,0.385,,,58,22,0.552,0.591,01,64
28,Berry,Centre,69-72,69,72,"19-9,8-6 SAA","24-4,11-3 SAA",03/01/20,Win,798,No Location Recorded,1:00 PM,01:04,,69,70,"MISS FT by BATES,JACOB",1,2,,,65,26,0.492,0.385,ft,miss,59,22,0.542,0.591,01,64
28,Berry,Centre,69-72,69,72,"19-9,8-6 SAA","24-4,11-3 SAA",03/01/20,Win,798,No Location Recorded,1:00 PM,01:04,"REBOUND DEF by JOHNSON,MICAH",69,70,,1,2,,,65,26,0.492,0.385,,,59,22,0.542,0.591,01,64
28,Berry,Centre,69-72,69,72,"19-9,8-6 SAA","24-4,11-3 SAA",03/01/20,Win,798,No Location Recorded,1:00 PM,01:04,"SUB IN by HAYNES,CALEB",69,70,,1,2,,,65,26,0.492,0.385,,,59,22,0.542,0.591,01,64
28,Berry,Centre,69-72,69,72,"19-9,8-6 SAA","24-4,11-3 SAA",03/01/20,Win,798,No Location Recorded,1:00 PM,01:04,"SUB OUT by BROOKS,AUSTIN",69,70,,1,2,,,65,26,0.492,0.385,,,59,22,0.542,0.591,01,64
28,Berry,Centre,69-72,69,72,"19-9,8-6 SAA","24-4,11-3 SAA",03/01/20,Win,798,No Location Recorded,1:00 PM,00:45,"MISS 3PTR by JOHNSON,MICAH",69,70,,1,2,3ptr,miss,66,27,0.485,0.37,,,59,22,0.542,0.591,00,45
28,Berry,Centre,69-72,69,72,"19-9,8-6 SAA","24-4,11-3 SAA",03/01/20,Win,798,No Location Recorded,1:00 PM,00:45,,69,70,"REBOUND DEF by CRUMP,DAWSON",1,2,,,66,27,0.485,0.37,,,59,22,0.542,0.591,00,45
28,Berry,Centre,69-72,69,72,"19-9,8-6 SAA","24-4,11-3 SAA",03/01/20,Win,798,No Location Recorded,1:00 PM,00:16,,69,72,"GOOD JUMPER by BATES,JACOB(in the paint)",3,2,,,66,27,0.485,0.37,jumper,good,60,22,0.55,0.591,00,16
28,Berry,Centre,69-72,69,72,"19-9,8-6 SAA","24-4,11-3 SAA",03/01/20,Win,798,No Location Recorded,1:00 PM,00:13,TIMEOUT 30SEC by TEAM,69,72,,3,2,,,66,27,0.485,0.37,,,60,22,0.55,0.591,00,13
28,Berry,Centre,69-72,69,72,"19-9,8-6 SAA","24-4,11-3 SAA",03/01/20,Win,798,No Location Recorded,1:00 PM,00:08,"MISS LAYUP by JOHNSON,MICAH",69,72,,3,2,layup,miss,67,27,0.478,0.37,,,60,22,0.55,0.591,00,8
28,Berry,Centre,69-72,69,72,"19-9,8-6 SAA","24-4,11-3 SAA",03/01/20,Win,798,No Location Recorded,1:00 PM,00:08,,69,72,"REBOUND DEF by CRUMP,DAWSON",3,2,,,67,27,0.478,0.37,,,60,22,0.55,0.591,00,8
28,Berry,Centre,69-72,69,72,"19-9,8-6 SAA","24-4,11-3 SAA",03/01/20,Win,798,No Location Recorded,1:00 PM,00:04,"FOUL  by HASLAM,ETHAN",69,72,,3,2,foul,,67,27,0.478,0.37,,,60,22,0.55,0.591,00,4
28,Berry,Centre,69-72,69,72,"19-9,8-6 SAA","24-4,11-3 SAA",03/01/20,Win,798,No Location Recorded,1:00 PM,00:04,,69,72,"MISS FT by CRUMP,DAWSON",3,2,,,67,27,0.478,0.37,ft,miss,61,22,0.541,0.591,00,4
28,Berry,Centre,69-72,69,72,"19-9,8-6 SAA","24-4,11-3 SAA",03/01/20,Win,798,No Location Recorded,1:00 PM,00:04,,69,72,REBOUND DEADB by TEAM,3,2,,,67,27,0.478,0.37,,,61,22,0.541,0.591,00,4
28,Berry,Centre,69-72,69,72,"19-9,8-6 SAA","24-4,11-3 SAA",03/01/20,Win,798,No Location Recorded,1:00 PM,00:04,TIMEOUT 30SEC by TEAM,69,72,,3,2,,,67,27,0.478,0.37,,,61,22,0.541,0.591,00,4
28,Berry,Centre,69-72,69,72,"19-9,8-6 SAA","24-4,11-3 SAA",03/01/20,Win,798,No Location Recorded,1:00 PM,00:04,,69,72,"MISS FT by CRUMP,DAWSON",3,2,,,67,27,0.478,0.37,ft,miss,62,22,0.532,0.591,00,4
28,Berry,Centre,69-72,69,72,"19-9,8-6 SAA","24-4,11-3 SAA",03/01/20,Win,798,No Location Recorded,1:00 PM,00:04,"SUB IN by ESTES,DJ",69,72,,3,2,,,67,27,0.478,0.37,,,62,22,0.532,0.591,00,4
28,Berry,Centre,69-72,69,72,"19-9,8-6 SAA","24-4,11-3 SAA",03/01/20,Win,798,No Location Recorded,1:00 PM,00:04,"SUB IN by CLARK,ETHAN",69,72,,3,2,,,67,27,0.478,0.37,,,62,22,0.532,0.591,00,4
28,Berry,Centre,69-72,69,72,"19-9,8-6 SAA","24-4,11-3 SAA",03/01/20,Win,798,No Location Recorded,1:00 PM,00:04,"SUB IN by WEHUNT,DAWSON",69,72,,3,2,,,67,27,0.478,0.37,,,62,22,0.532,0.591,00,4
28,Berry,Centre,69-72,69,72,"19-9,8-6 SAA","24-4,11-3 SAA",03/01/20,Win,798,No Location Recorded,1:00 PM,00:04,"SUB IN by FALCONER,TREY",69,72,,3,2,,,67,27,0.478,0.37,,,62,22,0.532,0.591,00,4
28,Berry,Centre,69-72,69,72,"19-9,8-6 SAA","24-4,11-3 SAA",03/01/20,Win,798,No Location Recorded,1:00 PM,00:04,"SUB IN by MBENOUN,ROB",69,72,,3,2,,,67,27,0.478,0.37,,,62,22,0.532,0.591,00,4
28,Berry,Centre,69-72,69,72,"19-9,8-6 SAA","24-4,11-3 SAA",03/01/20,Win,798,No Location Recorded,1:00 PM,00:04,"SUB OUT by FALCONER,TREY",69,72,,3,2,,,67,27,0.478,0.37,,,62,22,0.532,0.591,00,4
28,Berry,Centre,69-72,69,72,"19-9,8-6 SAA","24-4,11-3 SAA",03/01/20,Win,798,No Location Recorded,1:00 PM,00:04,"SUB OUT by MBENOUN,ROB",69,72,,3,2,,,67,27,0.478,0.37,,,62,22,0.532,0.591,00,4
28,Berry,Centre,69-72,69,72,"19-9,8-6 SAA","24-4,11-3 SAA",03/01/20,Win,798,No Location Recorded,1:00 PM,00:04,"SUB OUT by JONES,DREW",69,72,,3,2,,,67,27,0.478,0.37,,,62,22,0.532,0.591,00,4
28,Berry,Centre,69-72,69,72,"19-9,8-6 SAA","24-4,11-3 SAA",03/01/20,Win,798,No Location Recorded,1:00 PM,00:04,"SUB OUT by HAYNES,CALEB",69,72,,3,2,,,67,27,0.478,0.37,,,62,22,0.532,0.591,00,4
28,Berry,Centre,69-72,69,72,"19-9,8-6 SAA","24-4,11-3 SAA",03/01/20,Win,798,No Location Recorded,1:00 PM,00:04,"SUB OUT by ESTES,DJ",69,72,,3,2,,,67,27,0.478,0.37,,,62,22,0.532,0.591,00,4
28,Berry,Centre,69-72,69,72,"19-9,8-6 SAA","24-4,11-3 SAA",03/01/20,Win,798,No Location Recorded,1:00 PM,00:04,"REBOUND DEF by JOHNSON,MICAH",69,72,,3,2,,,67,27,0.478,0.37,,,62,22,0.532,0.591,00,4
28,Berry,Centre,69-72,69,72,"19-9,8-6 SAA","24-4,11-3 SAA",03/01/20,Win,798,No Location Recorded,1:00 PM,00:02,,69,72,"FOUL  by CRUMP,DAWSON",3,2,,,67,27,0.478,0.37,foul,,62,22,0.532,0.591,00,2
28,Berry,Centre,69-72,69,72,"19-9,8-6 SAA","24-4,11-3 SAA",03/01/20,Win,798,No Location Recorded,1:00 PM,00:02,"MISS FT by JOHNSON,MICAH",69,72,,3,2,ft,miss,68,27,0.471,0.37,,,62,22,0.532,0.591,00,2
28,Berry,Centre,69-72,69,72,"19-9,8-6 SAA","24-4,11-3 SAA",03/01/20,Win,798,No Location Recorded,1:00 PM,00:02,"SUB IN by BROOKS,AUSTIN",69,72,,3,2,,,68,27,0.471,0.37,,,62,22,0.532,0.591,00,2
28,Berry,Centre,69-72,69,72,"19-9,8-6 SAA","24-4,11-3 SAA",03/01/20,Win,798,No Location Recorded,1:00 PM,00:02,"SUB IN by HAYNES,CALEB",69,72,,3,2,,,68,27,0.471,0.37,,,62,22,0.532,0.591,00,2
28,Berry,Centre,69-72,69,72,"19-9,8-6 SAA","24-4,11-3 SAA",03/01/20,Win,798,No Location Recorded,1:00 PM,00:02,"SUB OUT by CLARK,ETHAN",69,72,,3,2,,,68,27,0.471,0.37,,,62,22,0.532,0.591,00,2
28,Berry,Centre,69-72,69,72,"19-9,8-6 SAA","24-4,11-3 SAA",03/01/20,Win,798,No Location Recorded,1:00 PM,00:02,"SUB OUT by WEHUNT,DAWSON",69,72,,3,2,,,68,27,0.471,0.37,,,62,22,0.532,0.591,00,2
28,Berry,Centre,69-72,69,72,"19-9,8-6 SAA","24-4,11-3 SAA",03/01/20,Win,798,No Location Recorded,1:00 PM,00:02,"REBOUND OFF by BROOKS,AUSTIN",69,72,,3,2,,,68,27,0.471,0.37,,,62,22,0.532,0.591,00,2
28,Berry,Centre,69-72,69,72,"19-9,8-6 SAA","24-4,11-3 SAA",03/01/20,Win,798,No Location Recorded,1:00 PM,00:01,,69,72,"FOUL  by WALKER,ART",3,2,,,68,27,0.471,0.37,foul,,62,22,0.532,0.591,00,1
28,Berry,Centre,69-72,69,72,"19-9,8-6 SAA","24-4,11-3 SAA",03/01/20,Win,798,No Location Recorded,1:00 PM,00:01,"MISS FT by BROOKS,AUSTIN",69,72,,3,2,ft,miss,69,27,0.464,0.37,,,62,22,0.532,0.591,00,1
28,Berry,Centre,69-72,69,72,"19-9,8-6 SAA","24-4,11-3 SAA",03/01/20,Win,798,No Location Recorded,1:00 PM,00:01,REBOUND DEADB by TEAM,69,72,,3,2,,,69,27,0.464,0.37,,,62,22,0.532,0.591,00,1
28,Berry,Centre,69-72,69,72,"19-9,8-6 SAA","24-4,11-3 SAA",03/01/20,Win,798,No Location Recorded,1:00 PM,00:01,"MISS FT by BROOKS,AUSTIN",69,72,,3,2,ft,miss,70,27,0.457,0.37,,,62,22,0.532,0.591,00,1
28,Berry,Centre,69-72,69,72,"19-9,8-6 SAA","24-4,11-3 SAA",03/01/20,Win,798,No Location Recorded,1:00 PM,00:01,,69,72,REBOUND DEADB by TEAM,3,2,,,70,27,0.457,0.37,,,62,22,0.532,0.591,00,1
28,Berry,Centre,69-72,69,72,"19-9,8-6 SAA","24-4,11-3 SAA",03/01/20,Win,798,No Location Recorded,1:00 PM,00:01,"SUB IN by MBENOUN,ROB",69,72,,3,2,,,70,27,0.457,0.37,,,62,22,0.532,0.591,00,1
28,Berry,Centre,69-72,69,72,"19-9,8-6 SAA","24-4,11-3 SAA",03/01/20,Win,798,No Location Recorded,1:00 PM,00:01,"SUB OUT by HAYNES,CALEB",69,72,,3,2,,,70,27,0.457,0.37,,,62,22,0.532,0.591,00,1
