game,boxscore_visitor_name,boxscore_home_name,final score,visitorFinalScore,homeFinalScore,visitorRecord,homeRecord,gameDate,outcome,attendance,gameLocation,gameTime,Time Remaining,Away Team,Away Team Score,Home Team Score,Home Team,Point Differential,Period,Home Play Type,Home Shot Good,Home Shots Taken,Home 3PTRs Taken,Home Shooting PCT,Home 3PTRs PCT,Away Play Type,Away Shot Good,Away Shots Taken,Away 3PTRs Taken,Away Shooting PCT,Away 3PTRs PCT,Time Remaining Mins,Time Remaining Secs
15,Millsaps,Dallas,55-56,55,56,"6-9, 1-6 SCAC","4-12, 2-5 SCAC",01/15/12,Win,163,No Location Recorded,3:00 p.m.,19:23,,0,2,"GOOD JUMPER by ASSINESI,DREW",2,1,,,0,0,,,jumper,good,1,0,1.0,,39,2363
15,Millsaps,Dallas,55-56,55,56,"6-9, 1-6 SCAC","4-12, 2-5 SCAC",01/15/12,Win,163,No Location Recorded,3:00 p.m.,19:01,"MISS 3PTR by MEADES,TAYLOR",0,2,,2,1,3ptr,miss,1,1,0.0,0.0,,,1,0,1.0,,39,2341
15,Millsaps,Dallas,55-56,55,56,"6-9, 1-6 SCAC","4-12, 2-5 SCAC",01/15/12,Win,163,No Location Recorded,3:00 p.m.,19:01,,0,2,"REBOUND DEF by ASSINESI,DREW",2,1,,,1,1,0.0,0.0,,,1,0,1.0,,39,2341
15,Millsaps,Dallas,55-56,55,56,"6-9, 1-6 SCAC","4-12, 2-5 SCAC",01/15/12,Win,163,No Location Recorded,3:00 p.m.,18:53,,0,2,"TURNOVER  by STEPHENS,JOE",2,1,,,1,1,0.0,0.0,,,1,0,1.0,,38,2333
15,Millsaps,Dallas,55-56,55,56,"6-9, 1-6 SCAC","4-12, 2-5 SCAC",01/15/12,Win,163,No Location Recorded,3:00 p.m.,18:31,"TURNOVER  by KINNEAR,KYLE",0,2,,2,1,,,1,1,0.0,0.0,,,1,0,1.0,,38,2311
15,Millsaps,Dallas,55-56,55,56,"6-9, 1-6 SCAC","4-12, 2-5 SCAC",01/15/12,Win,163,No Location Recorded,3:00 p.m.,18:10,,0,2,"MISS LAYUP by BRUFFEY,TANNER",2,1,,,1,1,0.0,0.0,layup,miss,2,0,0.5,,38,2290
15,Millsaps,Dallas,55-56,55,56,"6-9, 1-6 SCAC","4-12, 2-5 SCAC",01/15/12,Win,163,No Location Recorded,3:00 p.m.,18:10,,0,2,"REBOUND OFF by HIGHTOWER,BRAETON",2,1,,,1,1,0.0,0.0,,,2,0,0.5,,38,2290
15,Millsaps,Dallas,55-56,55,56,"6-9, 1-6 SCAC","4-12, 2-5 SCAC",01/15/12,Win,163,No Location Recorded,3:00 p.m.,18:03,,0,2,"FOUL  by BRUFFEY,TANNER",2,1,,,1,1,0.0,0.0,foul,,2,0,0.5,,38,2283
15,Millsaps,Dallas,55-56,55,56,"6-9, 1-6 SCAC","4-12, 2-5 SCAC",01/15/12,Win,163,No Location Recorded,3:00 p.m.,18:03,,0,2,"TURNOVER  by BRUFFEY,TANNER",2,1,,,1,1,0.0,0.0,,,2,0,0.5,,38,2283
15,Millsaps,Dallas,55-56,55,56,"6-9, 1-6 SCAC","4-12, 2-5 SCAC",01/15/12,Win,163,No Location Recorded,3:00 p.m.,17:49,"GOOD JUMPER by KINNEAR,KYLE",2,2,,0,1,jumper,good,2,1,0.5,0.0,,,2,0,0.5,,37,2269
15,Millsaps,Dallas,55-56,55,56,"6-9, 1-6 SCAC","4-12, 2-5 SCAC",01/15/12,Win,163,No Location Recorded,3:00 p.m.,17:49,"ASSIST  by CORTESE,NICK",2,2,,0,1,,,2,1,0.5,0.0,,,2,0,0.5,,37,2269
15,Millsaps,Dallas,55-56,55,56,"6-9, 1-6 SCAC","4-12, 2-5 SCAC",01/15/12,Win,163,No Location Recorded,3:00 p.m.,17:17,,2,2,"MISS 3PTR by ASSINESI,DREW",0,1,,,2,1,0.5,0.0,3ptr,miss,3,1,0.333,0.0,37,2237
15,Millsaps,Dallas,55-56,55,56,"6-9, 1-6 SCAC","4-12, 2-5 SCAC",01/15/12,Win,163,No Location Recorded,3:00 p.m.,17:17,"REBOUND DEF by BERGER,RYAN",2,2,,0,1,,,2,1,0.5,0.0,,,3,1,0.333,0.0,37,2237
15,Millsaps,Dallas,55-56,55,56,"6-9, 1-6 SCAC","4-12, 2-5 SCAC",01/15/12,Win,163,No Location Recorded,3:00 p.m.,17:03,"MISS JUMPER by CORTESE,NICK",2,2,,0,1,jumper,miss,3,1,0.333,0.0,,,3,1,0.333,0.0,37,2223
15,Millsaps,Dallas,55-56,55,56,"6-9, 1-6 SCAC","4-12, 2-5 SCAC",01/15/12,Win,163,No Location Recorded,3:00 p.m.,17:03,"REBOUND OFF by MEADES,TAYLOR",2,2,,0,1,,,3,1,0.333,0.0,,,3,1,0.333,0.0,37,2223
15,Millsaps,Dallas,55-56,55,56,"6-9, 1-6 SCAC","4-12, 2-5 SCAC",01/15/12,Win,163,No Location Recorded,3:00 p.m.,16:59,"FOUL  by MEADES,TAYLOR",2,2,,0,1,foul,,3,1,0.333,0.0,,,3,1,0.333,0.0,36,2219
15,Millsaps,Dallas,55-56,55,56,"6-9, 1-6 SCAC","4-12, 2-5 SCAC",01/15/12,Win,163,No Location Recorded,3:00 p.m.,16:59,"TURNOVER  by MEADES,TAYLOR",2,2,,0,1,,,3,1,0.333,0.0,,,3,1,0.333,0.0,36,2219
15,Millsaps,Dallas,55-56,55,56,"6-9, 1-6 SCAC","4-12, 2-5 SCAC",01/15/12,Win,163,No Location Recorded,3:00 p.m.,16:39,"FOUL  by BERGER,RYAN",2,2,,0,1,foul,,3,1,0.333,0.0,,,3,1,0.333,0.0,36,2199
15,Millsaps,Dallas,55-56,55,56,"6-9, 1-6 SCAC","4-12, 2-5 SCAC",01/15/12,Win,163,No Location Recorded,3:00 p.m.,16:39,,2,3,"GOOD FT by STEPHENS,JOE",1,1,,,3,1,0.333,0.0,ft,good,4,1,0.5,0.0,36,2199
15,Millsaps,Dallas,55-56,55,56,"6-9, 1-6 SCAC","4-12, 2-5 SCAC",01/15/12,Win,163,No Location Recorded,3:00 p.m.,16:39,,2,3,"MISS FT by STEPHENS,JOE",1,1,,,3,1,0.333,0.0,ft,miss,5,1,0.4,0.0,36,2199
15,Millsaps,Dallas,55-56,55,56,"6-9, 1-6 SCAC","4-12, 2-5 SCAC",01/15/12,Win,163,No Location Recorded,3:00 p.m.,16:39,"REBOUND DEF by KINNEAR,KYLE",2,3,,1,1,,,3,1,0.333,0.0,,,5,1,0.4,0.0,36,2199
15,Millsaps,Dallas,55-56,55,56,"6-9, 1-6 SCAC","4-12, 2-5 SCAC",01/15/12,Win,163,No Location Recorded,3:00 p.m.,16:22,"MISS 3PTR by MEADES,TAYLOR",2,3,,1,1,3ptr,miss,4,2,0.25,0.0,,,5,1,0.4,0.0,36,2182
15,Millsaps,Dallas,55-56,55,56,"6-9, 1-6 SCAC","4-12, 2-5 SCAC",01/15/12,Win,163,No Location Recorded,3:00 p.m.,16:22,,2,3,REBOUND DEF by TEAM,1,1,,,4,2,0.25,0.0,,,5,1,0.4,0.0,36,2182
15,Millsaps,Dallas,55-56,55,56,"6-9, 1-6 SCAC","4-12, 2-5 SCAC",01/15/12,Win,163,No Location Recorded,3:00 p.m.,16:06,,2,5,"GOOD LAYUP by WYATT,AARON(in the paint)",3,1,,,4,2,0.25,0.0,layup,good,6,1,0.5,0.0,36,2166
15,Millsaps,Dallas,55-56,55,56,"6-9, 1-6 SCAC","4-12, 2-5 SCAC",01/15/12,Win,163,No Location Recorded,3:00 p.m.,16:06,,2,5,"ASSIST  by HIGHTOWER,BRAETON",3,1,,,4,2,0.25,0.0,,,6,1,0.5,0.0,36,2166
15,Millsaps,Dallas,55-56,55,56,"6-9, 1-6 SCAC","4-12, 2-5 SCAC",01/15/12,Win,163,No Location Recorded,3:00 p.m.,16:04,TIMEOUT 30SEC by TEAM,2,5,,3,1,,,4,2,0.25,0.0,,,6,1,0.5,0.0,36,2164
15,Millsaps,Dallas,55-56,55,56,"6-9, 1-6 SCAC","4-12, 2-5 SCAC",01/15/12,Win,163,No Location Recorded,3:00 p.m.,15:56,"TURNOVER  by CORTESE,NICK",2,5,,3,1,,,4,2,0.25,0.0,,,6,1,0.5,0.0,35,2156
15,Millsaps,Dallas,55-56,55,56,"6-9, 1-6 SCAC","4-12, 2-5 SCAC",01/15/12,Win,163,No Location Recorded,3:00 p.m.,15:46,,2,5,"MISS 3PTR by HIGHTOWER,BRAETON",3,1,,,4,2,0.25,0.0,3ptr,miss,7,2,0.429,0.0,35,2146
15,Millsaps,Dallas,55-56,55,56,"6-9, 1-6 SCAC","4-12, 2-5 SCAC",01/15/12,Win,163,No Location Recorded,3:00 p.m.,15:46,,2,5,"REBOUND OFF by BRUFFEY,TANNER",3,1,,,4,2,0.25,0.0,,,7,2,0.429,0.0,35,2146
15,Millsaps,Dallas,55-56,55,56,"6-9, 1-6 SCAC","4-12, 2-5 SCAC",01/15/12,Win,163,No Location Recorded,3:00 p.m.,15:28,,2,7,"GOOD LAYUP by STEPHENS,JOE(in the paint)",5,1,,,4,2,0.25,0.0,layup,good,8,2,0.5,0.0,35,2128
15,Millsaps,Dallas,55-56,55,56,"6-9, 1-6 SCAC","4-12, 2-5 SCAC",01/15/12,Win,163,No Location Recorded,3:00 p.m.,15:28,,2,7,"ASSIST  by ASSINESI,DREW",5,1,,,4,2,0.25,0.0,,,8,2,0.5,0.0,35,2128
15,Millsaps,Dallas,55-56,55,56,"6-9, 1-6 SCAC","4-12, 2-5 SCAC",01/15/12,Win,163,No Location Recorded,3:00 p.m.,15:07,"MISS JUMPER by MERKEL,BRIAN",2,7,,5,1,jumper,miss,5,2,0.2,0.0,,,8,2,0.5,0.0,35,2107
15,Millsaps,Dallas,55-56,55,56,"6-9, 1-6 SCAC","4-12, 2-5 SCAC",01/15/12,Win,163,No Location Recorded,3:00 p.m.,15:07,"REBOUND OFF by BERGER,RYAN",2,7,,5,1,,,5,2,0.2,0.0,,,8,2,0.5,0.0,35,2107
15,Millsaps,Dallas,55-56,55,56,"6-9, 1-6 SCAC","4-12, 2-5 SCAC",01/15/12,Win,163,No Location Recorded,3:00 p.m.,14:42,"GOOD JUMPER by MEADES,TAYLOR",4,7,,3,1,jumper,good,6,2,0.333,0.0,,,8,2,0.5,0.0,34,2082
15,Millsaps,Dallas,55-56,55,56,"6-9, 1-6 SCAC","4-12, 2-5 SCAC",01/15/12,Win,163,No Location Recorded,3:00 p.m.,14:18,,4,7,"MISS LAYUP by WYATT,AARON",3,1,,,6,2,0.333,0.0,layup,miss,9,2,0.444,0.0,34,2058
15,Millsaps,Dallas,55-56,55,56,"6-9, 1-6 SCAC","4-12, 2-5 SCAC",01/15/12,Win,163,No Location Recorded,3:00 p.m.,14:18,"REBOUND DEF by KINNEAR,KYLE",4,7,,3,1,,,6,2,0.333,0.0,,,9,2,0.444,0.0,34,2058
15,Millsaps,Dallas,55-56,55,56,"6-9, 1-6 SCAC","4-12, 2-5 SCAC",01/15/12,Win,163,No Location Recorded,3:00 p.m.,13:54,"MISS 3PTR by CORTESE,NICK",4,7,,3,1,3ptr,miss,7,3,0.286,0.0,,,9,2,0.444,0.0,33,2034
15,Millsaps,Dallas,55-56,55,56,"6-9, 1-6 SCAC","4-12, 2-5 SCAC",01/15/12,Win,163,No Location Recorded,3:00 p.m.,13:54,,4,7,REBOUND DEF by TEAM,3,1,,,7,3,0.286,0.0,,,9,2,0.444,0.0,33,2034
15,Millsaps,Dallas,55-56,55,56,"6-9, 1-6 SCAC","4-12, 2-5 SCAC",01/15/12,Win,163,No Location Recorded,3:00 p.m.,13:44,,4,7,"MISS 3PTR by STEPHENS,JOE",3,1,,,7,3,0.286,0.0,3ptr,miss,10,3,0.4,0.0,33,2024
15,Millsaps,Dallas,55-56,55,56,"6-9, 1-6 SCAC","4-12, 2-5 SCAC",01/15/12,Win,163,No Location Recorded,3:00 p.m.,13:44,"REBOUND DEF by KINNEAR,KYLE",4,7,,3,1,,,7,3,0.286,0.0,,,10,3,0.4,0.0,33,2024
15,Millsaps,Dallas,55-56,55,56,"6-9, 1-6 SCAC","4-12, 2-5 SCAC",01/15/12,Win,163,No Location Recorded,3:00 p.m.,13:26,"MISS JUMPER by BERGER,RYAN",4,7,,3,1,jumper,miss,8,3,0.25,0.0,,,10,3,0.4,0.0,33,2006
15,Millsaps,Dallas,55-56,55,56,"6-9, 1-6 SCAC","4-12, 2-5 SCAC",01/15/12,Win,163,No Location Recorded,3:00 p.m.,13:26,,4,7,"REBOUND DEF by ASSINESI,DREW",3,1,,,8,3,0.25,0.0,,,10,3,0.4,0.0,33,2006
15,Millsaps,Dallas,55-56,55,56,"6-9, 1-6 SCAC","4-12, 2-5 SCAC",01/15/12,Win,163,No Location Recorded,3:00 p.m.,12:54,,4,7,"MISS 3PTR by WYATT,AARON",3,1,,,8,3,0.25,0.0,3ptr,miss,11,4,0.364,0.0,32,1974
15,Millsaps,Dallas,55-56,55,56,"6-9, 1-6 SCAC","4-12, 2-5 SCAC",01/15/12,Win,163,No Location Recorded,3:00 p.m.,12:54,,4,7,REBOUND OFF by TEAM,3,1,,,8,3,0.25,0.0,,,11,4,0.364,0.0,32,1974
15,Millsaps,Dallas,55-56,55,56,"6-9, 1-6 SCAC","4-12, 2-5 SCAC",01/15/12,Win,163,No Location Recorded,3:00 p.m.,12:37,,4,9,"GOOD JUMPER by BRUFFEY,TANNER(in the paint)",5,1,,,8,3,0.25,0.0,jumper,good,12,4,0.417,0.0,32,1957
15,Millsaps,Dallas,55-56,55,56,"6-9, 1-6 SCAC","4-12, 2-5 SCAC",01/15/12,Win,163,No Location Recorded,3:00 p.m.,12:28,"MISS JUMPER by CORTESE,NICK",4,9,,5,1,jumper,miss,9,3,0.222,0.0,,,12,4,0.417,0.0,32,1948
15,Millsaps,Dallas,55-56,55,56,"6-9, 1-6 SCAC","4-12, 2-5 SCAC",01/15/12,Win,163,No Location Recorded,3:00 p.m.,12:28,,4,9,"REBOUND DEF by MALONE,KYM",5,1,,,9,3,0.222,0.0,,,12,4,0.417,0.0,32,1948
15,Millsaps,Dallas,55-56,55,56,"6-9, 1-6 SCAC","4-12, 2-5 SCAC",01/15/12,Win,163,No Location Recorded,3:00 p.m.,12:00,"FOUL  by WILSON,KEVIN",4,9,,5,1,foul,,9,3,0.222,0.0,,,12,4,0.417,0.0,32,1920
15,Millsaps,Dallas,55-56,55,56,"6-9, 1-6 SCAC","4-12, 2-5 SCAC",01/15/12,Win,163,No Location Recorded,3:00 p.m.,11:54,,4,11,"GOOD JUMPER by STEPHENS,JOE",7,1,,,9,3,0.222,0.0,jumper,good,13,4,0.462,0.0,31,1914
15,Millsaps,Dallas,55-56,55,56,"6-9, 1-6 SCAC","4-12, 2-5 SCAC",01/15/12,Win,163,No Location Recorded,3:00 p.m.,11:54,,4,11,"ASSIST  by GILE,CURTIS",7,1,,,9,3,0.222,0.0,,,13,4,0.462,0.0,31,1914
15,Millsaps,Dallas,55-56,55,56,"6-9, 1-6 SCAC","4-12, 2-5 SCAC",01/15/12,Win,163,No Location Recorded,3:00 p.m.,11:38,"GOOD 3PTR by MEADES,TAYLOR",7,11,,4,1,3ptr,good,10,4,0.3,0.25,,,13,4,0.462,0.0,31,1898
15,Millsaps,Dallas,55-56,55,56,"6-9, 1-6 SCAC","4-12, 2-5 SCAC",01/15/12,Win,163,No Location Recorded,3:00 p.m.,11:38,"ASSIST  by WHITE,TIM",7,11,,4,1,,,10,4,0.3,0.25,,,13,4,0.462,0.0,31,1898
15,Millsaps,Dallas,55-56,55,56,"6-9, 1-6 SCAC","4-12, 2-5 SCAC",01/15/12,Win,163,No Location Recorded,3:00 p.m.,11:10,,7,11,"MISS 3PTR by BRUFFEY,TANNER",4,1,,,10,4,0.3,0.25,3ptr,miss,14,5,0.429,0.0,31,1870
15,Millsaps,Dallas,55-56,55,56,"6-9, 1-6 SCAC","4-12, 2-5 SCAC",01/15/12,Win,163,No Location Recorded,3:00 p.m.,11:10,"REBOUND DEF by GILLIGAN,TULLY",7,11,,4,1,,,10,4,0.3,0.25,,,14,5,0.429,0.0,31,1870
15,Millsaps,Dallas,55-56,55,56,"6-9, 1-6 SCAC","4-12, 2-5 SCAC",01/15/12,Win,163,No Location Recorded,3:00 p.m.,10:58,"MISS 3PTR by GILLIGAN,TULLY",7,11,,4,1,3ptr,miss,11,5,0.273,0.2,,,14,5,0.429,0.0,30,1858
15,Millsaps,Dallas,55-56,55,56,"6-9, 1-6 SCAC","4-12, 2-5 SCAC",01/15/12,Win,163,No Location Recorded,3:00 p.m.,10:58,,7,11,"REBOUND DEF by ASSINESI,DREW",4,1,,,11,5,0.273,0.2,,,14,5,0.429,0.0,30,1858
15,Millsaps,Dallas,55-56,55,56,"6-9, 1-6 SCAC","4-12, 2-5 SCAC",01/15/12,Win,163,No Location Recorded,3:00 p.m.,10:48,,7,13,"GOOD LAYUP by ASSINESI,DREW(in the paint)",6,1,,,11,5,0.273,0.2,layup,good,15,5,0.467,0.0,30,1848
15,Millsaps,Dallas,55-56,55,56,"6-9, 1-6 SCAC","4-12, 2-5 SCAC",01/15/12,Win,163,No Location Recorded,3:00 p.m.,10:35,"TURNOVER  by GILLIGAN,TULLY",7,13,,6,1,,,11,5,0.273,0.2,,,15,5,0.467,0.0,30,1835
15,Millsaps,Dallas,55-56,55,56,"6-9, 1-6 SCAC","4-12, 2-5 SCAC",01/15/12,Win,163,No Location Recorded,3:00 p.m.,10:33,,7,13,"STEAL  by ASSINESI,DREW",6,1,,,11,5,0.273,0.2,,,15,5,0.467,0.0,30,1833
15,Millsaps,Dallas,55-56,55,56,"6-9, 1-6 SCAC","4-12, 2-5 SCAC",01/15/12,Win,163,No Location Recorded,3:00 p.m.,10:30,,7,13,"MISS LAYUP by ASSINESI,DREW",6,1,,,11,5,0.273,0.2,layup,miss,16,5,0.438,0.0,30,1830
15,Millsaps,Dallas,55-56,55,56,"6-9, 1-6 SCAC","4-12, 2-5 SCAC",01/15/12,Win,163,No Location Recorded,3:00 p.m.,10:30,REBOUND DEF by TEAM,7,13,,6,1,,,11,5,0.273,0.2,,,16,5,0.438,0.0,30,1830
15,Millsaps,Dallas,55-56,55,56,"6-9, 1-6 SCAC","4-12, 2-5 SCAC",01/15/12,Win,163,No Location Recorded,3:00 p.m.,10:07,"TURNOVER  by MEADES,TAYLOR",7,13,,6,1,,,11,5,0.273,0.2,,,16,5,0.438,0.0,30,1807
15,Millsaps,Dallas,55-56,55,56,"6-9, 1-6 SCAC","4-12, 2-5 SCAC",01/15/12,Win,163,No Location Recorded,3:00 p.m.,10:06,,7,13,"STEAL  by ASSINESI,DREW",6,1,,,11,5,0.273,0.2,,,16,5,0.438,0.0,30,1806
15,Millsaps,Dallas,55-56,55,56,"6-9, 1-6 SCAC","4-12, 2-5 SCAC",01/15/12,Win,163,No Location Recorded,3:00 p.m.,10:03,,7,15,"GOOD LAYUP by ASSINESI,DREW(in the paint)",8,1,,,11,5,0.273,0.2,layup,good,17,5,0.471,0.0,30,1803
15,Millsaps,Dallas,55-56,55,56,"6-9, 1-6 SCAC","4-12, 2-5 SCAC",01/15/12,Win,163,No Location Recorded,3:00 p.m.,09:35,"MISS 3PTR by MEADES,TAYLOR",7,15,,8,1,3ptr,miss,12,6,0.25,0.167,,,17,5,0.471,0.0,29,1775
15,Millsaps,Dallas,55-56,55,56,"6-9, 1-6 SCAC","4-12, 2-5 SCAC",01/15/12,Win,163,No Location Recorded,3:00 p.m.,09:35,,7,15,"REBOUND DEF by ASSINESI,DREW",8,1,,,12,6,0.25,0.167,,,17,5,0.471,0.0,29,1775
15,Millsaps,Dallas,55-56,55,56,"6-9, 1-6 SCAC","4-12, 2-5 SCAC",01/15/12,Win,163,No Location Recorded,3:00 p.m.,09:17,,7,15,"MISS 3PTR by GILE,CURTIS",8,1,,,12,6,0.25,0.167,3ptr,miss,18,6,0.444,0.0,29,1757
15,Millsaps,Dallas,55-56,55,56,"6-9, 1-6 SCAC","4-12, 2-5 SCAC",01/15/12,Win,163,No Location Recorded,3:00 p.m.,09:17,"REBOUND DEF by BROWN,JEFF",7,15,,8,1,,,12,6,0.25,0.167,,,18,6,0.444,0.0,29,1757
15,Millsaps,Dallas,55-56,55,56,"6-9, 1-6 SCAC","4-12, 2-5 SCAC",01/15/12,Win,163,No Location Recorded,3:00 p.m.,09:05,"FOUL  by BROWN,JEFF",7,15,,8,1,foul,,12,6,0.25,0.167,,,18,6,0.444,0.0,29,1745
15,Millsaps,Dallas,55-56,55,56,"6-9, 1-6 SCAC","4-12, 2-5 SCAC",01/15/12,Win,163,No Location Recorded,3:00 p.m.,09:05,"TURNOVER  by BROWN,JEFF",7,15,,8,1,,,12,6,0.25,0.167,,,18,6,0.444,0.0,29,1745
15,Millsaps,Dallas,55-56,55,56,"6-9, 1-6 SCAC","4-12, 2-5 SCAC",01/15/12,Win,163,No Location Recorded,3:00 p.m.,08:48,,7,15,"MISS JUMPER by MALONE,KYM",8,1,,,12,6,0.25,0.167,jumper,miss,19,6,0.421,0.0,28,1728
15,Millsaps,Dallas,55-56,55,56,"6-9, 1-6 SCAC","4-12, 2-5 SCAC",01/15/12,Win,163,No Location Recorded,3:00 p.m.,08:48,REBOUND DEF by TEAM,7,15,,8,1,,,12,6,0.25,0.167,,,19,6,0.421,0.0,28,1728
15,Millsaps,Dallas,55-56,55,56,"6-9, 1-6 SCAC","4-12, 2-5 SCAC",01/15/12,Win,163,No Location Recorded,3:00 p.m.,08:28,,7,15,"FOUL  by STOLL,JOE",8,1,,,12,6,0.25,0.167,foul,,19,6,0.421,0.0,28,1708
15,Millsaps,Dallas,55-56,55,56,"6-9, 1-6 SCAC","4-12, 2-5 SCAC",01/15/12,Win,163,No Location Recorded,3:00 p.m.,08:18,"GOOD LAYUP by BERGER,RYAN(in the paint)",9,15,,6,1,layup,good,13,6,0.308,0.167,,,19,6,0.421,0.0,28,1698
15,Millsaps,Dallas,55-56,55,56,"6-9, 1-6 SCAC","4-12, 2-5 SCAC",01/15/12,Win,163,No Location Recorded,3:00 p.m.,08:01,,9,17,"GOOD LAYUP by GILE,CURTIS(in the paint)",8,1,,,13,6,0.308,0.167,layup,good,20,6,0.45,0.0,28,1681
15,Millsaps,Dallas,55-56,55,56,"6-9, 1-6 SCAC","4-12, 2-5 SCAC",01/15/12,Win,163,No Location Recorded,3:00 p.m.,07:16,"MISS JUMPER by BERGER,RYAN",9,17,,8,1,jumper,miss,14,6,0.286,0.167,,,20,6,0.45,0.0,27,1636
15,Millsaps,Dallas,55-56,55,56,"6-9, 1-6 SCAC","4-12, 2-5 SCAC",01/15/12,Win,163,No Location Recorded,3:00 p.m.,07:16,,9,17,"REBOUND DEF by GILE,CURTIS",8,1,,,14,6,0.286,0.167,,,20,6,0.45,0.0,27,1636
15,Millsaps,Dallas,55-56,55,56,"6-9, 1-6 SCAC","4-12, 2-5 SCAC",01/15/12,Win,163,No Location Recorded,3:00 p.m.,07:05,,9,17,"TURNOVER  by HIGHTOWER,BRAETON",8,1,,,14,6,0.286,0.167,,,20,6,0.45,0.0,27,1625
15,Millsaps,Dallas,55-56,55,56,"6-9, 1-6 SCAC","4-12, 2-5 SCAC",01/15/12,Win,163,No Location Recorded,3:00 p.m.,06:52,"GOOD JUMPER by CORTESE,NICK",11,17,,6,1,jumper,good,15,6,0.333,0.167,,,20,6,0.45,0.0,26,1612
15,Millsaps,Dallas,55-56,55,56,"6-9, 1-6 SCAC","4-12, 2-5 SCAC",01/15/12,Win,163,No Location Recorded,3:00 p.m.,06:52,"ASSIST  by KINNEAR,KYLE",11,17,,6,1,,,15,6,0.333,0.167,,,20,6,0.45,0.0,26,1612
15,Millsaps,Dallas,55-56,55,56,"6-9, 1-6 SCAC","4-12, 2-5 SCAC",01/15/12,Win,163,No Location Recorded,3:00 p.m.,06:35,,11,17,"MISS LAYUP by GILE,CURTIS",6,1,,,15,6,0.333,0.167,layup,miss,21,6,0.429,0.0,26,1595
15,Millsaps,Dallas,55-56,55,56,"6-9, 1-6 SCAC","4-12, 2-5 SCAC",01/15/12,Win,163,No Location Recorded,3:00 p.m.,06:35,"BLOCK  by KINNEAR,KYLE",11,17,,6,1,,,15,6,0.333,0.167,,,21,6,0.429,0.0,26,1595
15,Millsaps,Dallas,55-56,55,56,"6-9, 1-6 SCAC","4-12, 2-5 SCAC",01/15/12,Win,163,No Location Recorded,3:00 p.m.,06:35,,11,17,REBOUND OFF by TEAM,6,1,,,15,6,0.333,0.167,,,21,6,0.429,0.0,26,1595
15,Millsaps,Dallas,55-56,55,56,"6-9, 1-6 SCAC","4-12, 2-5 SCAC",01/15/12,Win,163,No Location Recorded,3:00 p.m.,06:28,,11,17,"MISS 3PTR by HIGHTOWER,BRAETON",6,1,,,15,6,0.333,0.167,3ptr,miss,22,7,0.409,0.0,26,1588
15,Millsaps,Dallas,55-56,55,56,"6-9, 1-6 SCAC","4-12, 2-5 SCAC",01/15/12,Win,163,No Location Recorded,3:00 p.m.,06:28,"REBOUND DEF by KINNEAR,KYLE",11,17,,6,1,,,15,6,0.333,0.167,,,22,7,0.409,0.0,26,1588
15,Millsaps,Dallas,55-56,55,56,"6-9, 1-6 SCAC","4-12, 2-5 SCAC",01/15/12,Win,163,No Location Recorded,3:00 p.m.,06:10,"MISS JUMPER by KINNEAR,KYLE",11,17,,6,1,jumper,miss,16,6,0.312,0.167,,,22,7,0.409,0.0,26,1570
15,Millsaps,Dallas,55-56,55,56,"6-9, 1-6 SCAC","4-12, 2-5 SCAC",01/15/12,Win,163,No Location Recorded,3:00 p.m.,06:10,,11,17,"REBOUND DEF by GILE,CURTIS",6,1,,,16,6,0.312,0.167,,,22,7,0.409,0.0,26,1570
15,Millsaps,Dallas,55-56,55,56,"6-9, 1-6 SCAC","4-12, 2-5 SCAC",01/15/12,Win,163,No Location Recorded,3:00 p.m.,05:57,,11,17,"MISS 3PTR by GILE,CURTIS",6,1,,,16,6,0.312,0.167,3ptr,miss,23,8,0.391,0.0,25,1557
15,Millsaps,Dallas,55-56,55,56,"6-9, 1-6 SCAC","4-12, 2-5 SCAC",01/15/12,Win,163,No Location Recorded,3:00 p.m.,05:57,,11,17,"REBOUND OFF by MALONE,KYM",6,1,,,16,6,0.312,0.167,,,23,8,0.391,0.0,25,1557
15,Millsaps,Dallas,55-56,55,56,"6-9, 1-6 SCAC","4-12, 2-5 SCAC",01/15/12,Win,163,No Location Recorded,3:00 p.m.,05:50,,11,17,"MISS 3PTR by MALONE,KYM",6,1,,,16,6,0.312,0.167,3ptr,miss,24,9,0.375,0.0,25,1550
15,Millsaps,Dallas,55-56,55,56,"6-9, 1-6 SCAC","4-12, 2-5 SCAC",01/15/12,Win,163,No Location Recorded,3:00 p.m.,05:50,"REBOUND DEF by WHITE,TIM",11,17,,6,1,,,16,6,0.312,0.167,,,24,9,0.375,0.0,25,1550
15,Millsaps,Dallas,55-56,55,56,"6-9, 1-6 SCAC","4-12, 2-5 SCAC",01/15/12,Win,163,No Location Recorded,3:00 p.m.,05:41,"GOOD JUMPER by MERKEL,BRIAN(in the paint)",13,17,,4,1,jumper,good,17,6,0.353,0.167,,,24,9,0.375,0.0,25,1541
15,Millsaps,Dallas,55-56,55,56,"6-9, 1-6 SCAC","4-12, 2-5 SCAC",01/15/12,Win,163,No Location Recorded,3:00 p.m.,05:32,TIMEOUT TEAM by TEAM,13,17,,4,1,,,17,6,0.353,0.167,,,24,9,0.375,0.0,25,1532
15,Millsaps,Dallas,55-56,55,56,"6-9, 1-6 SCAC","4-12, 2-5 SCAC",01/15/12,Win,163,No Location Recorded,3:00 p.m.,04:21,,13,17,"TURNOVER  by HIGHTOWER,BRAETON",4,1,,,17,6,0.353,0.167,,,24,9,0.375,0.0,24,1461
15,Millsaps,Dallas,55-56,55,56,"6-9, 1-6 SCAC","4-12, 2-5 SCAC",01/15/12,Win,163,No Location Recorded,3:00 p.m.,04:21,"STEAL  by MEADES,TAYLOR",13,17,,4,1,,,17,6,0.353,0.167,,,24,9,0.375,0.0,24,1461
15,Millsaps,Dallas,55-56,55,56,"6-9, 1-6 SCAC","4-12, 2-5 SCAC",01/15/12,Win,163,No Location Recorded,3:00 p.m.,04:21,"TURNOVER  by MEADES,TAYLOR",13,17,,4,1,,,17,6,0.353,0.167,,,24,9,0.375,0.0,24,1461
15,Millsaps,Dallas,55-56,55,56,"6-9, 1-6 SCAC","4-12, 2-5 SCAC",01/15/12,Win,163,No Location Recorded,3:00 p.m.,04:21,,13,17,"MISS JUMPER by HIGHTOWER,BRAETON",4,1,,,17,6,0.353,0.167,jumper,miss,25,9,0.36,0.0,24,1461
15,Millsaps,Dallas,55-56,55,56,"6-9, 1-6 SCAC","4-12, 2-5 SCAC",01/15/12,Win,163,No Location Recorded,3:00 p.m.,04:21,,13,17,"REBOUND OFF by WYATT,AARON",4,1,,,17,6,0.353,0.167,,,25,9,0.36,0.0,24,1461
15,Millsaps,Dallas,55-56,55,56,"6-9, 1-6 SCAC","4-12, 2-5 SCAC",01/15/12,Win,163,No Location Recorded,3:00 p.m.,04:21,,13,17,"MISS JUMPER by WYATT,AARON",4,1,,,17,6,0.353,0.167,jumper,miss,26,9,0.346,0.0,24,1461
15,Millsaps,Dallas,55-56,55,56,"6-9, 1-6 SCAC","4-12, 2-5 SCAC",01/15/12,Win,163,No Location Recorded,3:00 p.m.,04:21,"BLOCK  by KINNEAR,KYLE",13,17,,4,1,,,17,6,0.353,0.167,,,26,9,0.346,0.0,24,1461
15,Millsaps,Dallas,55-56,55,56,"6-9, 1-6 SCAC","4-12, 2-5 SCAC",01/15/12,Win,163,No Location Recorded,3:00 p.m.,04:21,"REBOUND DEF by MERKEL,BRIAN",13,17,,4,1,,,17,6,0.353,0.167,,,26,9,0.346,0.0,24,1461
15,Millsaps,Dallas,55-56,55,56,"6-9, 1-6 SCAC","4-12, 2-5 SCAC",01/15/12,Win,163,No Location Recorded,3:00 p.m.,04:20,"GOOD 3PTR by MEADES,TAYLOR",16,17,,1,1,3ptr,good,18,7,0.389,0.286,,,26,9,0.346,0.0,24,1460
15,Millsaps,Dallas,55-56,55,56,"6-9, 1-6 SCAC","4-12, 2-5 SCAC",01/15/12,Win,163,No Location Recorded,3:00 p.m.,04:20,"ASSIST  by MERKEL,BRIAN",16,17,,1,1,,,18,7,0.389,0.286,,,26,9,0.346,0.0,24,1460
15,Millsaps,Dallas,55-56,55,56,"6-9, 1-6 SCAC","4-12, 2-5 SCAC",01/15/12,Win,163,No Location Recorded,3:00 p.m.,04:19,,16,17,"MISS LAYUP by BRUFFEY,TANNER",1,1,,,18,7,0.389,0.286,layup,miss,27,9,0.333,0.0,24,1459
15,Millsaps,Dallas,55-56,55,56,"6-9, 1-6 SCAC","4-12, 2-5 SCAC",01/15/12,Win,163,No Location Recorded,3:00 p.m.,04:19,"REBOUND DEF by KINNEAR,KYLE",16,17,,1,1,,,18,7,0.389,0.286,,,27,9,0.333,0.0,24,1459
15,Millsaps,Dallas,55-56,55,56,"6-9, 1-6 SCAC","4-12, 2-5 SCAC",01/15/12,Win,163,No Location Recorded,3:00 p.m.,04:16,"GOOD LAYUP by MEADES,TAYLOR(in the paint)",18,17,,-1,1,layup,good,19,7,0.421,0.286,,,27,9,0.333,0.0,24,1456
15,Millsaps,Dallas,55-56,55,56,"6-9, 1-6 SCAC","4-12, 2-5 SCAC",01/15/12,Win,163,No Location Recorded,3:00 p.m.,04:16,,18,17,"FOUL  by WYATT,AARON",-1,1,,,19,7,0.421,0.286,foul,,27,9,0.333,0.0,24,1456
15,Millsaps,Dallas,55-56,55,56,"6-9, 1-6 SCAC","4-12, 2-5 SCAC",01/15/12,Win,163,No Location Recorded,3:00 p.m.,04:16,"GOOD FT by MEADES,TAYLOR",19,17,,-2,1,ft,good,20,7,0.45,0.286,,,27,9,0.333,0.0,24,1456
15,Millsaps,Dallas,55-56,55,56,"6-9, 1-6 SCAC","4-12, 2-5 SCAC",01/15/12,Win,163,No Location Recorded,3:00 p.m.,03:53,,19,17,"MISS LAYUP by ASSINESI,DREW",-2,1,,,20,7,0.45,0.286,layup,miss,28,9,0.321,0.0,23,1433
15,Millsaps,Dallas,55-56,55,56,"6-9, 1-6 SCAC","4-12, 2-5 SCAC",01/15/12,Win,163,No Location Recorded,3:00 p.m.,03:53,,19,17,"REBOUND OFF by BRUFFEY,TANNER",-2,1,,,20,7,0.45,0.286,,,28,9,0.321,0.0,23,1433
15,Millsaps,Dallas,55-56,55,56,"6-9, 1-6 SCAC","4-12, 2-5 SCAC",01/15/12,Win,163,No Location Recorded,3:00 p.m.,03:41,,19,19,"GOOD JUMPER by STEPHENS,JOE(in the paint)",0,1,,,20,7,0.45,0.286,jumper,good,29,9,0.345,0.0,23,1421
15,Millsaps,Dallas,55-56,55,56,"6-9, 1-6 SCAC","4-12, 2-5 SCAC",01/15/12,Win,163,No Location Recorded,3:00 p.m.,03:41,,19,19,"ASSIST  by BRUFFEY,TANNER",0,1,,,20,7,0.45,0.286,,,29,9,0.345,0.0,23,1421
15,Millsaps,Dallas,55-56,55,56,"6-9, 1-6 SCAC","4-12, 2-5 SCAC",01/15/12,Win,163,No Location Recorded,3:00 p.m.,03:21,"GOOD LAYUP by MERKEL,BRIAN(in the paint)",21,19,,-2,1,layup,good,21,7,0.476,0.286,,,29,9,0.345,0.0,23,1401
15,Millsaps,Dallas,55-56,55,56,"6-9, 1-6 SCAC","4-12, 2-5 SCAC",01/15/12,Win,163,No Location Recorded,3:00 p.m.,03:21,"ASSIST  by CORTESE,NICK",21,19,,-2,1,,,21,7,0.476,0.286,,,29,9,0.345,0.0,23,1401
15,Millsaps,Dallas,55-56,55,56,"6-9, 1-6 SCAC","4-12, 2-5 SCAC",01/15/12,Win,163,No Location Recorded,3:00 p.m.,03:04,,21,19,"TURNOVER  by HIGHTOWER,BRAETON",-2,1,,,21,7,0.476,0.286,,,29,9,0.345,0.0,23,1384
15,Millsaps,Dallas,55-56,55,56,"6-9, 1-6 SCAC","4-12, 2-5 SCAC",01/15/12,Win,163,No Location Recorded,3:00 p.m.,02:42,"TURNOVER  by KINNEAR,KYLE",21,19,,-2,1,,,21,7,0.476,0.286,,,29,9,0.345,0.0,22,1362
15,Millsaps,Dallas,55-56,55,56,"6-9, 1-6 SCAC","4-12, 2-5 SCAC",01/15/12,Win,163,No Location Recorded,3:00 p.m.,02:31,,21,19,"MISS JUMPER by STEPHENS,JOE",-2,1,,,21,7,0.476,0.286,jumper,miss,30,9,0.333,0.0,22,1351
15,Millsaps,Dallas,55-56,55,56,"6-9, 1-6 SCAC","4-12, 2-5 SCAC",01/15/12,Win,163,No Location Recorded,3:00 p.m.,02:31,"REBOUND DEF by KINNEAR,KYLE",21,19,,-2,1,,,21,7,0.476,0.286,,,30,9,0.333,0.0,22,1351
15,Millsaps,Dallas,55-56,55,56,"6-9, 1-6 SCAC","4-12, 2-5 SCAC",01/15/12,Win,163,No Location Recorded,3:00 p.m.,02:20,"MISS JUMPER by WHITE,TIM",21,19,,-2,1,jumper,miss,22,7,0.455,0.286,,,30,9,0.333,0.0,22,1340
15,Millsaps,Dallas,55-56,55,56,"6-9, 1-6 SCAC","4-12, 2-5 SCAC",01/15/12,Win,163,No Location Recorded,3:00 p.m.,02:20,"REBOUND OFF by KINNEAR,KYLE",21,19,,-2,1,,,22,7,0.455,0.286,,,30,9,0.333,0.0,22,1340
15,Millsaps,Dallas,55-56,55,56,"6-9, 1-6 SCAC","4-12, 2-5 SCAC",01/15/12,Win,163,No Location Recorded,3:00 p.m.,02:17,"GOOD LAYUP by KINNEAR,KYLE(in the paint)",23,19,,-4,1,layup,good,23,7,0.478,0.286,,,30,9,0.333,0.0,22,1337
15,Millsaps,Dallas,55-56,55,56,"6-9, 1-6 SCAC","4-12, 2-5 SCAC",01/15/12,Win,163,No Location Recorded,3:00 p.m.,02:03,,23,22,"GOOD 3PTR by HIGHTOWER,BRAETON",-1,1,,,23,7,0.478,0.286,3ptr,good,31,10,0.355,0.1,22,1323
15,Millsaps,Dallas,55-56,55,56,"6-9, 1-6 SCAC","4-12, 2-5 SCAC",01/15/12,Win,163,No Location Recorded,3:00 p.m.,02:03,,23,22,"ASSIST  by STEPHENS,JOE",-1,1,,,23,7,0.478,0.286,,,31,10,0.355,0.1,22,1323
15,Millsaps,Dallas,55-56,55,56,"6-9, 1-6 SCAC","4-12, 2-5 SCAC",01/15/12,Win,163,No Location Recorded,3:00 p.m.,01:46,,23,22,"FOUL  by HIGHTOWER,BRAETON",-1,1,,,23,7,0.478,0.286,foul,,31,10,0.355,0.1,21,1306
15,Millsaps,Dallas,55-56,55,56,"6-9, 1-6 SCAC","4-12, 2-5 SCAC",01/15/12,Win,163,No Location Recorded,3:00 p.m.,01:46,TIMEOUT 30SEC by TEAM,23,22,,-1,1,,,23,7,0.478,0.286,,,31,10,0.355,0.1,21,1306
15,Millsaps,Dallas,55-56,55,56,"6-9, 1-6 SCAC","4-12, 2-5 SCAC",01/15/12,Win,163,No Location Recorded,3:00 p.m.,01:41,"GOOD LAYUP by BROWN,JEFF(in the paint)",25,22,,-3,1,layup,good,24,7,0.5,0.286,,,31,10,0.355,0.1,21,1301
15,Millsaps,Dallas,55-56,55,56,"6-9, 1-6 SCAC","4-12, 2-5 SCAC",01/15/12,Win,163,No Location Recorded,3:00 p.m.,01:23,,25,24,"GOOD LAYUP by BRUFFEY,TANNER(in the paint)",-1,1,,,24,7,0.5,0.286,layup,good,32,10,0.375,0.1,21,1283
15,Millsaps,Dallas,55-56,55,56,"6-9, 1-6 SCAC","4-12, 2-5 SCAC",01/15/12,Win,163,No Location Recorded,3:00 p.m.,00:45,"MISS 3PTR by WHITE,TIM",25,24,,-1,1,3ptr,miss,25,8,0.48,0.25,,,32,10,0.375,0.1,20,1245
15,Millsaps,Dallas,55-56,55,56,"6-9, 1-6 SCAC","4-12, 2-5 SCAC",01/15/12,Win,163,No Location Recorded,3:00 p.m.,00:45,,25,24,"REBOUND DEF by MALONE,KYM",-1,1,,,25,8,0.48,0.25,,,32,10,0.375,0.1,20,1245
15,Millsaps,Dallas,55-56,55,56,"6-9, 1-6 SCAC","4-12, 2-5 SCAC",01/15/12,Win,163,No Location Recorded,3:00 p.m.,00:33,,25,24,"MISS JUMPER by MALONE,KYM",-1,1,,,25,8,0.48,0.25,jumper,miss,33,10,0.364,0.1,20,1233
15,Millsaps,Dallas,55-56,55,56,"6-9, 1-6 SCAC","4-12, 2-5 SCAC",01/15/12,Win,163,No Location Recorded,3:00 p.m.,00:33,"REBOUND DEF by KINNEAR,KYLE",25,24,,-1,1,,,25,8,0.48,0.25,,,33,10,0.364,0.1,20,1233
15,Millsaps,Dallas,55-56,55,56,"6-9, 1-6 SCAC","4-12, 2-5 SCAC",01/15/12,Win,163,No Location Recorded,3:00 p.m.,00:12,"TURNOVER  by MERKEL,BRIAN",25,24,,-1,1,,,25,8,0.48,0.25,,,33,10,0.364,0.1,20,1212
15,Millsaps,Dallas,55-56,55,56,"6-9, 1-6 SCAC","4-12, 2-5 SCAC",01/15/12,Win,163,No Location Recorded,3:00 p.m.,00:05,"FOUL  by CORTESE,NICK",25,24,,-1,1,foul,,25,8,0.48,0.25,,,33,10,0.364,0.1,20,1205
15,Millsaps,Dallas,55-56,55,56,"6-9, 1-6 SCAC","4-12, 2-5 SCAC",01/15/12,Win,163,No Location Recorded,3:00 p.m.,00:05,,25,25,"GOOD FT by WYATT,AARON",0,1,,,25,8,0.48,0.25,ft,good,34,10,0.382,0.1,20,1205
15,Millsaps,Dallas,55-56,55,56,"6-9, 1-6 SCAC","4-12, 2-5 SCAC",01/15/12,Win,163,No Location Recorded,3:00 p.m.,00:05,,25,25,"MISS FT by WYATT,AARON",0,1,,,25,8,0.48,0.25,ft,miss,35,10,0.371,0.1,20,1205
15,Millsaps,Dallas,55-56,55,56,"6-9, 1-6 SCAC","4-12, 2-5 SCAC",01/15/12,Win,163,No Location Recorded,3:00 p.m.,00:05,"REBOUND DEF by KINNEAR,KYLE",25,25,,0,1,,,25,8,0.48,0.25,,,35,10,0.371,0.1,20,1205
15,Millsaps,Dallas,55-56,55,56,"6-9, 1-6 SCAC","4-12, 2-5 SCAC",01/15/12,Win,163,No Location Recorded,3:00 p.m.,00:00,,25,25,"MISS JUMPER by BRUFFEY,TANNER",0,1,,,25,8,0.48,0.25,jumper,miss,36,10,0.361,0.1,20,1200
15,Millsaps,Dallas,55-56,55,56,"6-9, 1-6 SCAC","4-12, 2-5 SCAC",01/15/12,Win,163,No Location Recorded,3:00 p.m.,00:00,"REBOUND DEF by BERGER,RYAN",25,25,,0,1,,,25,8,0.48,0.25,,,36,10,0.361,0.1,20,1200
15,Millsaps,Dallas,55-56,55,56,"6-9, 1-6 SCAC","4-12, 2-5 SCAC",01/15/12,Win,163,No Location Recorded,3:00 p.m.,19:36,"MISS JUMPER by CORTESE,NICK",25,25,,0,2,jumper,miss,26,8,0.462,0.25,,,36,10,0.361,0.1,19,1176
15,Millsaps,Dallas,55-56,55,56,"6-9, 1-6 SCAC","4-12, 2-5 SCAC",01/15/12,Win,163,No Location Recorded,3:00 p.m.,19:36,"REBOUND OFF by BERGER,RYAN",25,25,,0,2,,,26,8,0.462,0.25,,,36,10,0.361,0.1,19,1176
15,Millsaps,Dallas,55-56,55,56,"6-9, 1-6 SCAC","4-12, 2-5 SCAC",01/15/12,Win,163,No Location Recorded,3:00 p.m.,19:32,"MISS LAYUP by BERGER,RYAN",25,25,,0,2,layup,miss,27,8,0.444,0.25,,,36,10,0.361,0.1,19,1172
15,Millsaps,Dallas,55-56,55,56,"6-9, 1-6 SCAC","4-12, 2-5 SCAC",01/15/12,Win,163,No Location Recorded,3:00 p.m.,19:32,,25,25,"BLOCK  by WYATT,AARON",0,2,,,27,8,0.444,0.25,,,36,10,0.361,0.1,19,1172
15,Millsaps,Dallas,55-56,55,56,"6-9, 1-6 SCAC","4-12, 2-5 SCAC",01/15/12,Win,163,No Location Recorded,3:00 p.m.,19:32,,25,25,"REBOUND DEF by BRUFFEY,TANNER",0,2,,,27,8,0.444,0.25,,,36,10,0.361,0.1,19,1172
15,Millsaps,Dallas,55-56,55,56,"6-9, 1-6 SCAC","4-12, 2-5 SCAC",01/15/12,Win,163,No Location Recorded,3:00 p.m.,19:07,,25,25,"FOUL  by WYATT,AARON",0,2,,,27,8,0.444,0.25,foul,,36,10,0.361,0.1,19,1147
15,Millsaps,Dallas,55-56,55,56,"6-9, 1-6 SCAC","4-12, 2-5 SCAC",01/15/12,Win,163,No Location Recorded,3:00 p.m.,19:07,,25,25,"TURNOVER  by WYATT,AARON",0,2,,,27,8,0.444,0.25,,,36,10,0.361,0.1,19,1147
15,Millsaps,Dallas,55-56,55,56,"6-9, 1-6 SCAC","4-12, 2-5 SCAC",01/15/12,Win,163,No Location Recorded,3:00 p.m.,18:37,"TURNOVER  by CORTESE,NICK",25,25,,0,2,,,27,8,0.444,0.25,,,36,10,0.361,0.1,18,1117
15,Millsaps,Dallas,55-56,55,56,"6-9, 1-6 SCAC","4-12, 2-5 SCAC",01/15/12,Win,163,No Location Recorded,3:00 p.m.,18:17,,25,27,"GOOD LAYUP by WYATT,AARON(in the paint)",2,2,,,27,8,0.444,0.25,layup,good,37,10,0.378,0.1,18,1097
15,Millsaps,Dallas,55-56,55,56,"6-9, 1-6 SCAC","4-12, 2-5 SCAC",01/15/12,Win,163,No Location Recorded,3:00 p.m.,18:03,"GOOD 3PTR by CORTESE,NICK",28,27,,-1,2,3ptr,good,28,9,0.464,0.333,,,37,10,0.378,0.1,18,1083
15,Millsaps,Dallas,55-56,55,56,"6-9, 1-6 SCAC","4-12, 2-5 SCAC",01/15/12,Win,163,No Location Recorded,3:00 p.m.,18:03,"ASSIST  by BERGER,RYAN",28,27,,-1,2,,,28,9,0.464,0.333,,,37,10,0.378,0.1,18,1083
15,Millsaps,Dallas,55-56,55,56,"6-9, 1-6 SCAC","4-12, 2-5 SCAC",01/15/12,Win,163,No Location Recorded,3:00 p.m.,17:30,,28,29,"GOOD LAYUP by STEPHENS,JOE(in the paint)",1,2,,,28,9,0.464,0.333,layup,good,38,10,0.395,0.1,17,1050
15,Millsaps,Dallas,55-56,55,56,"6-9, 1-6 SCAC","4-12, 2-5 SCAC",01/15/12,Win,163,No Location Recorded,3:00 p.m.,17:11,"GOOD LAYUP by MEADES,TAYLOR(in the paint)",30,29,,-1,2,layup,good,29,9,0.483,0.333,,,38,10,0.395,0.1,17,1031
15,Millsaps,Dallas,55-56,55,56,"6-9, 1-6 SCAC","4-12, 2-5 SCAC",01/15/12,Win,163,No Location Recorded,3:00 p.m.,16:55,,30,29,"TURNOVER  by ASSINESI,DREW",-1,2,,,29,9,0.483,0.333,,,38,10,0.395,0.1,16,1015
15,Millsaps,Dallas,55-56,55,56,"6-9, 1-6 SCAC","4-12, 2-5 SCAC",01/15/12,Win,163,No Location Recorded,3:00 p.m.,16:40,"FOUL  by MERKEL,BRIAN",30,29,,-1,2,foul,,29,9,0.483,0.333,,,38,10,0.395,0.1,16,1000
15,Millsaps,Dallas,55-56,55,56,"6-9, 1-6 SCAC","4-12, 2-5 SCAC",01/15/12,Win,163,No Location Recorded,3:00 p.m.,16:40,"TURNOVER  by MERKEL,BRIAN",30,29,,-1,2,,,29,9,0.483,0.333,,,38,10,0.395,0.1,16,1000
15,Millsaps,Dallas,55-56,55,56,"6-9, 1-6 SCAC","4-12, 2-5 SCAC",01/15/12,Win,163,No Location Recorded,3:00 p.m.,16:18,,30,31,"GOOD JUMPER by HIGHTOWER,BRAETON",1,2,,,29,9,0.483,0.333,jumper,good,39,10,0.41,0.1,16,978
15,Millsaps,Dallas,55-56,55,56,"6-9, 1-6 SCAC","4-12, 2-5 SCAC",01/15/12,Win,163,No Location Recorded,3:00 p.m.,15:49,"MISS 3PTR by CORTESE,NICK",30,31,,1,2,3ptr,miss,30,10,0.467,0.3,,,39,10,0.41,0.1,15,949
15,Millsaps,Dallas,55-56,55,56,"6-9, 1-6 SCAC","4-12, 2-5 SCAC",01/15/12,Win,163,No Location Recorded,3:00 p.m.,15:49,,30,31,REBOUND DEF by TEAM,1,2,,,30,10,0.467,0.3,,,39,10,0.41,0.1,15,949
15,Millsaps,Dallas,55-56,55,56,"6-9, 1-6 SCAC","4-12, 2-5 SCAC",01/15/12,Win,163,No Location Recorded,3:00 p.m.,15:35,,30,31,"MISS JUMPER by WYATT,AARON",1,2,,,30,10,0.467,0.3,jumper,miss,40,10,0.4,0.1,15,935
15,Millsaps,Dallas,55-56,55,56,"6-9, 1-6 SCAC","4-12, 2-5 SCAC",01/15/12,Win,163,No Location Recorded,3:00 p.m.,15:35,,30,31,REBOUND OFF by TEAM,1,2,,,30,10,0.467,0.3,,,40,10,0.4,0.1,15,935
15,Millsaps,Dallas,55-56,55,56,"6-9, 1-6 SCAC","4-12, 2-5 SCAC",01/15/12,Win,163,No Location Recorded,3:00 p.m.,15:31,,30,31,"TURNOVER  by STEPHENS,JOE",1,2,,,30,10,0.467,0.3,,,40,10,0.4,0.1,15,931
15,Millsaps,Dallas,55-56,55,56,"6-9, 1-6 SCAC","4-12, 2-5 SCAC",01/15/12,Win,163,No Location Recorded,3:00 p.m.,15:29,"STEAL  by WHITE,TIM",30,31,,1,2,,,30,10,0.467,0.3,,,40,10,0.4,0.1,15,929
15,Millsaps,Dallas,55-56,55,56,"6-9, 1-6 SCAC","4-12, 2-5 SCAC",01/15/12,Win,163,No Location Recorded,3:00 p.m.,15:26,"GOOD LAYUP by MERKEL,BRIAN(in the paint)",32,31,,-1,2,layup,good,31,10,0.484,0.3,,,40,10,0.4,0.1,15,926
15,Millsaps,Dallas,55-56,55,56,"6-9, 1-6 SCAC","4-12, 2-5 SCAC",01/15/12,Win,163,No Location Recorded,3:00 p.m.,15:26,"ASSIST  by WHITE,TIM",32,31,,-1,2,,,31,10,0.484,0.3,,,40,10,0.4,0.1,15,926
15,Millsaps,Dallas,55-56,55,56,"6-9, 1-6 SCAC","4-12, 2-5 SCAC",01/15/12,Win,163,No Location Recorded,3:00 p.m.,15:09,,32,31,"MISS JUMPER by ASSINESI,DREW",-1,2,,,31,10,0.484,0.3,jumper,miss,41,10,0.39,0.1,15,909
15,Millsaps,Dallas,55-56,55,56,"6-9, 1-6 SCAC","4-12, 2-5 SCAC",01/15/12,Win,163,No Location Recorded,3:00 p.m.,15:09,"BLOCK  by CORTESE,NICK",32,31,,-1,2,,,31,10,0.484,0.3,,,41,10,0.39,0.1,15,909
15,Millsaps,Dallas,55-56,55,56,"6-9, 1-6 SCAC","4-12, 2-5 SCAC",01/15/12,Win,163,No Location Recorded,3:00 p.m.,15:09,,32,31,REBOUND OFF by TEAM,-1,2,,,31,10,0.484,0.3,,,41,10,0.39,0.1,15,909
15,Millsaps,Dallas,55-56,55,56,"6-9, 1-6 SCAC","4-12, 2-5 SCAC",01/15/12,Win,163,No Location Recorded,3:00 p.m.,15:03,,32,34,"GOOD 3PTR by BRUFFEY,TANNER",2,2,,,31,10,0.484,0.3,3ptr,good,42,11,0.405,0.182,15,903
15,Millsaps,Dallas,55-56,55,56,"6-9, 1-6 SCAC","4-12, 2-5 SCAC",01/15/12,Win,163,No Location Recorded,3:00 p.m.,15:03,,32,34,"ASSIST  by ASSINESI,DREW",2,2,,,31,10,0.484,0.3,,,42,11,0.405,0.182,15,903
15,Millsaps,Dallas,55-56,55,56,"6-9, 1-6 SCAC","4-12, 2-5 SCAC",01/15/12,Win,163,No Location Recorded,3:00 p.m.,14:45,"TURNOVER  by CORTESE,NICK",32,34,,2,2,,,31,10,0.484,0.3,,,42,11,0.405,0.182,14,885
15,Millsaps,Dallas,55-56,55,56,"6-9, 1-6 SCAC","4-12, 2-5 SCAC",01/15/12,Win,163,No Location Recorded,3:00 p.m.,14:44,,32,34,"STEAL  by STEPHENS,JOE",2,2,,,31,10,0.484,0.3,,,42,11,0.405,0.182,14,884
15,Millsaps,Dallas,55-56,55,56,"6-9, 1-6 SCAC","4-12, 2-5 SCAC",01/15/12,Win,163,No Location Recorded,3:00 p.m.,14:40,,32,37,"GOOD 3PTR by STEPHENS,JOE",5,2,,,31,10,0.484,0.3,3ptr,good,43,12,0.419,0.25,14,880
15,Millsaps,Dallas,55-56,55,56,"6-9, 1-6 SCAC","4-12, 2-5 SCAC",01/15/12,Win,163,No Location Recorded,3:00 p.m.,14:40,,32,37,"ASSIST  by ASSINESI,DREW",5,2,,,31,10,0.484,0.3,,,43,12,0.419,0.25,14,880
15,Millsaps,Dallas,55-56,55,56,"6-9, 1-6 SCAC","4-12, 2-5 SCAC",01/15/12,Win,163,No Location Recorded,3:00 p.m.,14:16,"GOOD 3PTR by CORTESE,NICK",35,37,,2,2,3ptr,good,32,11,0.5,0.364,,,43,12,0.419,0.25,14,856
15,Millsaps,Dallas,55-56,55,56,"6-9, 1-6 SCAC","4-12, 2-5 SCAC",01/15/12,Win,163,No Location Recorded,3:00 p.m.,14:00,,35,37,"MISS JUMPER by STEPHENS,JOE",2,2,,,32,11,0.5,0.364,jumper,miss,44,12,0.409,0.25,14,840
15,Millsaps,Dallas,55-56,55,56,"6-9, 1-6 SCAC","4-12, 2-5 SCAC",01/15/12,Win,163,No Location Recorded,3:00 p.m.,14:00,"REBOUND DEF by GILLIGAN,TULLY",35,37,,2,2,,,32,11,0.5,0.364,,,44,12,0.409,0.25,14,840
15,Millsaps,Dallas,55-56,55,56,"6-9, 1-6 SCAC","4-12, 2-5 SCAC",01/15/12,Win,163,No Location Recorded,3:00 p.m.,13:48,"MISS 3PTR by CORTESE,NICK",35,37,,2,2,3ptr,miss,33,12,0.485,0.333,,,44,12,0.409,0.25,13,828
15,Millsaps,Dallas,55-56,55,56,"6-9, 1-6 SCAC","4-12, 2-5 SCAC",01/15/12,Win,163,No Location Recorded,3:00 p.m.,13:48,"REBOUND OFF by KINNEAR,KYLE",35,37,,2,2,,,33,12,0.485,0.333,,,44,12,0.409,0.25,13,828
15,Millsaps,Dallas,55-56,55,56,"6-9, 1-6 SCAC","4-12, 2-5 SCAC",01/15/12,Win,163,No Location Recorded,3:00 p.m.,13:46,,35,37,TIMEOUT TEAM by TEAM,2,2,,,33,12,0.485,0.333,,,44,12,0.409,0.25,13,826
15,Millsaps,Dallas,55-56,55,56,"6-9, 1-6 SCAC","4-12, 2-5 SCAC",01/15/12,Win,163,No Location Recorded,3:00 p.m.,13:24,"TURNOVER  by BROWN,JEFF",35,37,,2,2,,,33,12,0.485,0.333,,,44,12,0.409,0.25,13,804
15,Millsaps,Dallas,55-56,55,56,"6-9, 1-6 SCAC","4-12, 2-5 SCAC",01/15/12,Win,163,No Location Recorded,3:00 p.m.,13:22,,35,37,"STEAL  by ASSINESI,DREW",2,2,,,33,12,0.485,0.333,,,44,12,0.409,0.25,13,802
15,Millsaps,Dallas,55-56,55,56,"6-9, 1-6 SCAC","4-12, 2-5 SCAC",01/15/12,Win,163,No Location Recorded,3:00 p.m.,13:02,,35,37,"TURNOVER  by WYATT,AARON",2,2,,,33,12,0.485,0.333,,,44,12,0.409,0.25,13,782
15,Millsaps,Dallas,55-56,55,56,"6-9, 1-6 SCAC","4-12, 2-5 SCAC",01/15/12,Win,163,No Location Recorded,3:00 p.m.,12:59,"STEAL  by WHITE,TIM",35,37,,2,2,,,33,12,0.485,0.333,,,44,12,0.409,0.25,12,779
15,Millsaps,Dallas,55-56,55,56,"6-9, 1-6 SCAC","4-12, 2-5 SCAC",01/15/12,Win,163,No Location Recorded,3:00 p.m.,12:55,"GOOD 3PTR by BROWN,JEFF",38,37,,-1,2,3ptr,good,34,13,0.5,0.385,,,44,12,0.409,0.25,12,775
15,Millsaps,Dallas,55-56,55,56,"6-9, 1-6 SCAC","4-12, 2-5 SCAC",01/15/12,Win,163,No Location Recorded,3:00 p.m.,12:55,"ASSIST  by WHITE,TIM",38,37,,-1,2,,,34,13,0.5,0.385,,,44,12,0.409,0.25,12,775
15,Millsaps,Dallas,55-56,55,56,"6-9, 1-6 SCAC","4-12, 2-5 SCAC",01/15/12,Win,163,No Location Recorded,3:00 p.m.,12:36,,38,37,"MISS JUMPER by ASSINESI,DREW",-1,2,,,34,13,0.5,0.385,jumper,miss,45,12,0.4,0.25,12,756
15,Millsaps,Dallas,55-56,55,56,"6-9, 1-6 SCAC","4-12, 2-5 SCAC",01/15/12,Win,163,No Location Recorded,3:00 p.m.,12:36,"BLOCK  by GILLIGAN,TULLY",38,37,,-1,2,,,34,13,0.5,0.385,,,45,12,0.4,0.25,12,756
15,Millsaps,Dallas,55-56,55,56,"6-9, 1-6 SCAC","4-12, 2-5 SCAC",01/15/12,Win,163,No Location Recorded,3:00 p.m.,12:36,"REBOUND DEF by GILLIGAN,TULLY",38,37,,-1,2,,,34,13,0.5,0.385,,,45,12,0.4,0.25,12,756
15,Millsaps,Dallas,55-56,55,56,"6-9, 1-6 SCAC","4-12, 2-5 SCAC",01/15/12,Win,163,No Location Recorded,3:00 p.m.,12:12,,38,39,"GOOD JUMPER by BRUFFEY,TANNER",1,2,,,34,13,0.5,0.385,jumper,good,46,12,0.413,0.25,12,732
15,Millsaps,Dallas,55-56,55,56,"6-9, 1-6 SCAC","4-12, 2-5 SCAC",01/15/12,Win,163,No Location Recorded,3:00 p.m.,12:12,,38,39,"ASSIST  by MALONE,KYM",1,2,,,34,13,0.5,0.385,,,46,12,0.413,0.25,12,732
15,Millsaps,Dallas,55-56,55,56,"6-9, 1-6 SCAC","4-12, 2-5 SCAC",01/15/12,Win,163,No Location Recorded,3:00 p.m.,11:47,"MISS 3PTR by BROWN,JEFF",38,39,,1,2,3ptr,miss,35,14,0.486,0.357,,,46,12,0.413,0.25,11,707
15,Millsaps,Dallas,55-56,55,56,"6-9, 1-6 SCAC","4-12, 2-5 SCAC",01/15/12,Win,163,No Location Recorded,3:00 p.m.,11:47,,38,39,"REBOUND DEF by MALONE,KYM",1,2,,,35,14,0.486,0.357,,,46,12,0.413,0.25,11,707
15,Millsaps,Dallas,55-56,55,56,"6-9, 1-6 SCAC","4-12, 2-5 SCAC",01/15/12,Win,163,No Location Recorded,3:00 p.m.,11:30,,38,39,"MISS LAYUP by MALONE,KYM",1,2,,,35,14,0.486,0.357,layup,miss,47,12,0.404,0.25,11,690
15,Millsaps,Dallas,55-56,55,56,"6-9, 1-6 SCAC","4-12, 2-5 SCAC",01/15/12,Win,163,No Location Recorded,3:00 p.m.,11:30,"REBOUND DEF by BROWN,JEFF",38,39,,1,2,,,35,14,0.486,0.357,,,47,12,0.404,0.25,11,690
15,Millsaps,Dallas,55-56,55,56,"6-9, 1-6 SCAC","4-12, 2-5 SCAC",01/15/12,Win,163,No Location Recorded,3:00 p.m.,11:16,"TURNOVER  by BROWN,JEFF",38,39,,1,2,,,35,14,0.486,0.357,,,47,12,0.404,0.25,11,676
15,Millsaps,Dallas,55-56,55,56,"6-9, 1-6 SCAC","4-12, 2-5 SCAC",01/15/12,Win,163,No Location Recorded,3:00 p.m.,11:12,,38,39,"STEAL  by BRUFFEY,TANNER",1,2,,,35,14,0.486,0.357,,,47,12,0.404,0.25,11,672
15,Millsaps,Dallas,55-56,55,56,"6-9, 1-6 SCAC","4-12, 2-5 SCAC",01/15/12,Win,163,No Location Recorded,3:00 p.m.,10:51,,38,41,"GOOD LAYUP by STEPHENS,JOE(in the paint)",3,2,,,35,14,0.486,0.357,layup,good,48,12,0.417,0.25,10,651
15,Millsaps,Dallas,55-56,55,56,"6-9, 1-6 SCAC","4-12, 2-5 SCAC",01/15/12,Win,163,No Location Recorded,3:00 p.m.,10:28,"GOOD 3PTR by MEADES,TAYLOR",41,41,,0,2,3ptr,good,36,15,0.5,0.4,,,48,12,0.417,0.25,10,628
15,Millsaps,Dallas,55-56,55,56,"6-9, 1-6 SCAC","4-12, 2-5 SCAC",01/15/12,Win,163,No Location Recorded,3:00 p.m.,10:28,"ASSIST  by MERKEL,BRIAN",41,41,,0,2,,,36,15,0.5,0.4,,,48,12,0.417,0.25,10,628
15,Millsaps,Dallas,55-56,55,56,"6-9, 1-6 SCAC","4-12, 2-5 SCAC",01/15/12,Win,163,No Location Recorded,3:00 p.m.,09:56,,41,41,"MISS JUMPER by ASSINESI,DREW",0,2,,,36,15,0.5,0.4,jumper,miss,49,12,0.408,0.25,09,596
15,Millsaps,Dallas,55-56,55,56,"6-9, 1-6 SCAC","4-12, 2-5 SCAC",01/15/12,Win,163,No Location Recorded,3:00 p.m.,09:56,"BLOCK  by KINNEAR,KYLE",41,41,,0,2,,,36,15,0.5,0.4,,,49,12,0.408,0.25,09,596
15,Millsaps,Dallas,55-56,55,56,"6-9, 1-6 SCAC","4-12, 2-5 SCAC",01/15/12,Win,163,No Location Recorded,3:00 p.m.,09:56,,41,41,REBOUND OFF by TEAM,0,2,,,36,15,0.5,0.4,,,49,12,0.408,0.25,09,596
15,Millsaps,Dallas,55-56,55,56,"6-9, 1-6 SCAC","4-12, 2-5 SCAC",01/15/12,Win,163,No Location Recorded,3:00 p.m.,09:46,,41,41,"MISS JUMPER by BRUFFEY,TANNER",0,2,,,36,15,0.5,0.4,jumper,miss,50,12,0.4,0.25,09,586
15,Millsaps,Dallas,55-56,55,56,"6-9, 1-6 SCAC","4-12, 2-5 SCAC",01/15/12,Win,163,No Location Recorded,3:00 p.m.,09:46,"BLOCK  by BERGER,RYAN",41,41,,0,2,,,36,15,0.5,0.4,,,50,12,0.4,0.25,09,586
15,Millsaps,Dallas,55-56,55,56,"6-9, 1-6 SCAC","4-12, 2-5 SCAC",01/15/12,Win,163,No Location Recorded,3:00 p.m.,09:46,,41,41,REBOUND OFF by TEAM,0,2,,,36,15,0.5,0.4,,,50,12,0.4,0.25,09,586
15,Millsaps,Dallas,55-56,55,56,"6-9, 1-6 SCAC","4-12, 2-5 SCAC",01/15/12,Win,163,No Location Recorded,3:00 p.m.,09:37,"MISS JUMPER by BERGER,RYAN",41,41,,0,2,jumper,miss,37,15,0.486,0.4,,,50,12,0.4,0.25,09,577
15,Millsaps,Dallas,55-56,55,56,"6-9, 1-6 SCAC","4-12, 2-5 SCAC",01/15/12,Win,163,No Location Recorded,3:00 p.m.,09:37,"REBOUND OFF by MERKEL,BRIAN",41,41,,0,2,,,37,15,0.486,0.4,,,50,12,0.4,0.25,09,577
15,Millsaps,Dallas,55-56,55,56,"6-9, 1-6 SCAC","4-12, 2-5 SCAC",01/15/12,Win,163,No Location Recorded,3:00 p.m.,09:31,"GOOD LAYUP by MERKEL,BRIAN(in the paint)",43,41,,-2,2,layup,good,38,15,0.5,0.4,,,50,12,0.4,0.25,09,571
15,Millsaps,Dallas,55-56,55,56,"6-9, 1-6 SCAC","4-12, 2-5 SCAC",01/15/12,Win,163,No Location Recorded,3:00 p.m.,09:13,,43,41,"MISS 3PTR by BRUFFEY,TANNER",-2,2,,,38,15,0.5,0.4,3ptr,miss,51,13,0.392,0.231,09,553
15,Millsaps,Dallas,55-56,55,56,"6-9, 1-6 SCAC","4-12, 2-5 SCAC",01/15/12,Win,163,No Location Recorded,3:00 p.m.,08:59,,43,41,"STEAL  by STEPHENS,JOE",-2,2,,,38,15,0.5,0.4,,,51,13,0.392,0.231,08,539
15,Millsaps,Dallas,55-56,55,56,"6-9, 1-6 SCAC","4-12, 2-5 SCAC",01/15/12,Win,163,No Location Recorded,3:00 p.m.,08:36,,43,41,"TURNOVER  by STEPHENS,JOE",-2,2,,,38,15,0.5,0.4,,,51,13,0.392,0.231,08,516
15,Millsaps,Dallas,55-56,55,56,"6-9, 1-6 SCAC","4-12, 2-5 SCAC",01/15/12,Win,163,No Location Recorded,3:00 p.m.,08:36,REBOUND OFF by TEAM,43,41,,-2,2,,,38,15,0.5,0.4,,,51,13,0.392,0.231,08,516
15,Millsaps,Dallas,55-56,55,56,"6-9, 1-6 SCAC","4-12, 2-5 SCAC",01/15/12,Win,163,No Location Recorded,3:00 p.m.,08:36,TURNOVER  by TEAM,43,41,,-2,2,,,38,15,0.5,0.4,,,51,13,0.392,0.231,08,516
15,Millsaps,Dallas,55-56,55,56,"6-9, 1-6 SCAC","4-12, 2-5 SCAC",01/15/12,Win,163,No Location Recorded,3:00 p.m.,08:24,"GOOD 3PTR by MEADES,TAYLOR",46,41,,-5,2,3ptr,good,39,16,0.513,0.438,,,51,13,0.392,0.231,08,504
15,Millsaps,Dallas,55-56,55,56,"6-9, 1-6 SCAC","4-12, 2-5 SCAC",01/15/12,Win,163,No Location Recorded,3:00 p.m.,08:24,"ASSIST  by MERKEL,BRIAN",46,41,,-5,2,,,39,16,0.513,0.438,,,51,13,0.392,0.231,08,504
15,Millsaps,Dallas,55-56,55,56,"6-9, 1-6 SCAC","4-12, 2-5 SCAC",01/15/12,Win,163,No Location Recorded,3:00 p.m.,08:05,,46,41,"MISS 3PTR by STEPHENS,JOE",-5,2,,,39,16,0.513,0.438,3ptr,miss,52,14,0.385,0.214,08,485
15,Millsaps,Dallas,55-56,55,56,"6-9, 1-6 SCAC","4-12, 2-5 SCAC",01/15/12,Win,163,No Location Recorded,3:00 p.m.,08:05,"REBOUND DEF by MERKEL,BRIAN",46,41,,-5,2,,,39,16,0.513,0.438,,,52,14,0.385,0.214,08,485
15,Millsaps,Dallas,55-56,55,56,"6-9, 1-6 SCAC","4-12, 2-5 SCAC",01/15/12,Win,163,No Location Recorded,3:00 p.m.,07:32,"MISS 3PTR by MERKEL,BRIAN",46,41,,-5,2,3ptr,miss,40,17,0.5,0.412,,,52,14,0.385,0.214,07,452
15,Millsaps,Dallas,55-56,55,56,"6-9, 1-6 SCAC","4-12, 2-5 SCAC",01/15/12,Win,163,No Location Recorded,3:00 p.m.,07:32,,46,41,"REBOUND DEF by ASSINESI,DREW",-5,2,,,40,17,0.5,0.412,,,52,14,0.385,0.214,07,452
15,Millsaps,Dallas,55-56,55,56,"6-9, 1-6 SCAC","4-12, 2-5 SCAC",01/15/12,Win,163,No Location Recorded,3:00 p.m.,07:21,,46,41,"MISS LAYUP by GILE,CURTIS",-5,2,,,40,17,0.5,0.412,layup,miss,53,14,0.377,0.214,07,441
15,Millsaps,Dallas,55-56,55,56,"6-9, 1-6 SCAC","4-12, 2-5 SCAC",01/15/12,Win,163,No Location Recorded,3:00 p.m.,07:21,"REBOUND DEF by BROWN,JEFF",46,41,,-5,2,,,40,17,0.5,0.412,,,53,14,0.377,0.214,07,441
15,Millsaps,Dallas,55-56,55,56,"6-9, 1-6 SCAC","4-12, 2-5 SCAC",01/15/12,Win,163,No Location Recorded,3:00 p.m.,07:04,"GOOD LAYUP by MEADES,TAYLOR(in the paint)",48,41,,-7,2,layup,good,41,17,0.512,0.412,,,53,14,0.377,0.214,07,424
15,Millsaps,Dallas,55-56,55,56,"6-9, 1-6 SCAC","4-12, 2-5 SCAC",01/15/12,Win,163,No Location Recorded,3:00 p.m.,06:48,,48,43,"GOOD JUMPER by ASSINESI,DREW",-5,2,,,41,17,0.512,0.412,jumper,good,54,14,0.389,0.214,06,408
15,Millsaps,Dallas,55-56,55,56,"6-9, 1-6 SCAC","4-12, 2-5 SCAC",01/15/12,Win,163,No Location Recorded,3:00 p.m.,06:32,,48,43,TIMEOUT TEAM by TEAM,-5,2,,,41,17,0.512,0.412,,,54,14,0.389,0.214,06,392
15,Millsaps,Dallas,55-56,55,56,"6-9, 1-6 SCAC","4-12, 2-5 SCAC",01/15/12,Win,163,No Location Recorded,3:00 p.m.,06:07,"MISS 3PTR by CORTESE,NICK",48,43,,-5,2,3ptr,miss,42,18,0.5,0.389,,,54,14,0.389,0.214,06,367
15,Millsaps,Dallas,55-56,55,56,"6-9, 1-6 SCAC","4-12, 2-5 SCAC",01/15/12,Win,163,No Location Recorded,3:00 p.m.,06:07,,48,43,"REBOUND DEF by ASSINESI,DREW",-5,2,,,42,18,0.5,0.389,,,54,14,0.389,0.214,06,367
15,Millsaps,Dallas,55-56,55,56,"6-9, 1-6 SCAC","4-12, 2-5 SCAC",01/15/12,Win,163,No Location Recorded,3:00 p.m.,05:51,"FOUL  by MEADES,TAYLOR",48,43,,-5,2,foul,,42,18,0.5,0.389,,,54,14,0.389,0.214,05,351
15,Millsaps,Dallas,55-56,55,56,"6-9, 1-6 SCAC","4-12, 2-5 SCAC",01/15/12,Win,163,No Location Recorded,3:00 p.m.,05:51,,48,44,"GOOD FT by WYATT,AARON",-4,2,,,42,18,0.5,0.389,ft,good,55,14,0.4,0.214,05,351
15,Millsaps,Dallas,55-56,55,56,"6-9, 1-6 SCAC","4-12, 2-5 SCAC",01/15/12,Win,163,No Location Recorded,3:00 p.m.,05:51,,48,44,"MISS FT by WYATT,AARON",-4,2,,,42,18,0.5,0.389,ft,miss,56,14,0.393,0.214,05,351
15,Millsaps,Dallas,55-56,55,56,"6-9, 1-6 SCAC","4-12, 2-5 SCAC",01/15/12,Win,163,No Location Recorded,3:00 p.m.,05:51,"REBOUND DEF by KINNEAR,KYLE",48,44,,-4,2,,,42,18,0.5,0.389,,,56,14,0.393,0.214,05,351
15,Millsaps,Dallas,55-56,55,56,"6-9, 1-6 SCAC","4-12, 2-5 SCAC",01/15/12,Win,163,No Location Recorded,3:00 p.m.,05:24,"MISS 3PTR by CORTESE,NICK",48,44,,-4,2,3ptr,miss,43,19,0.488,0.368,,,56,14,0.393,0.214,05,324
15,Millsaps,Dallas,55-56,55,56,"6-9, 1-6 SCAC","4-12, 2-5 SCAC",01/15/12,Win,163,No Location Recorded,3:00 p.m.,05:24,,48,44,"REBOUND DEF by ASSINESI,DREW",-4,2,,,43,19,0.488,0.368,,,56,14,0.393,0.214,05,324
15,Millsaps,Dallas,55-56,55,56,"6-9, 1-6 SCAC","4-12, 2-5 SCAC",01/15/12,Win,163,No Location Recorded,3:00 p.m.,05:00,,48,44,"FOUL  by STEPHENS,JOE",-4,2,,,43,19,0.488,0.368,foul,,56,14,0.393,0.214,05,300
15,Millsaps,Dallas,55-56,55,56,"6-9, 1-6 SCAC","4-12, 2-5 SCAC",01/15/12,Win,163,No Location Recorded,3:00 p.m.,05:00,,48,44,"TURNOVER  by STEPHENS,JOE",-4,2,,,43,19,0.488,0.368,,,56,14,0.393,0.214,05,300
15,Millsaps,Dallas,55-56,55,56,"6-9, 1-6 SCAC","4-12, 2-5 SCAC",01/15/12,Win,163,No Location Recorded,3:00 p.m.,04:49,,48,44,"STEAL  by WYATT,AARON",-4,2,,,43,19,0.488,0.368,,,56,14,0.393,0.214,04,289
15,Millsaps,Dallas,55-56,55,56,"6-9, 1-6 SCAC","4-12, 2-5 SCAC",01/15/12,Win,163,No Location Recorded,3:00 p.m.,04:48,,48,44,"TURNOVER  by ASSINESI,DREW",-4,2,,,43,19,0.488,0.368,,,56,14,0.393,0.214,04,288
15,Millsaps,Dallas,55-56,55,56,"6-9, 1-6 SCAC","4-12, 2-5 SCAC",01/15/12,Win,163,No Location Recorded,3:00 p.m.,04:44,,48,46,"GOOD LAYUP by BRUFFEY,TANNER(in the paint)",-2,2,,,43,19,0.488,0.368,layup,good,57,14,0.404,0.214,04,284
15,Millsaps,Dallas,55-56,55,56,"6-9, 1-6 SCAC","4-12, 2-5 SCAC",01/15/12,Win,163,No Location Recorded,3:00 p.m.,04:34,,48,46,"FOUL  by BRUFFEY,TANNER",-2,2,,,43,19,0.488,0.368,foul,,57,14,0.404,0.214,04,274
15,Millsaps,Dallas,55-56,55,56,"6-9, 1-6 SCAC","4-12, 2-5 SCAC",01/15/12,Win,163,No Location Recorded,3:00 p.m.,04:29,,48,46,"FOUL  by BRUFFEY,TANNER",-2,2,,,43,19,0.488,0.368,foul,,57,14,0.404,0.214,04,269
15,Millsaps,Dallas,55-56,55,56,"6-9, 1-6 SCAC","4-12, 2-5 SCAC",01/15/12,Win,163,No Location Recorded,3:00 p.m.,04:09,"MISS 3PTR by MEADES,TAYLOR",48,46,,-2,2,3ptr,miss,44,20,0.477,0.35,,,57,14,0.404,0.214,04,249
15,Millsaps,Dallas,55-56,55,56,"6-9, 1-6 SCAC","4-12, 2-5 SCAC",01/15/12,Win,163,No Location Recorded,3:00 p.m.,04:09,,48,46,"REBOUND DEF by ASSINESI,DREW",-2,2,,,44,20,0.477,0.35,,,57,14,0.404,0.214,04,249
15,Millsaps,Dallas,55-56,55,56,"6-9, 1-6 SCAC","4-12, 2-5 SCAC",01/15/12,Win,163,No Location Recorded,3:00 p.m.,03:56,"FOUL  by CORTESE,NICK",48,46,,-2,2,foul,,44,20,0.477,0.35,,,57,14,0.404,0.214,03,236
15,Millsaps,Dallas,55-56,55,56,"6-9, 1-6 SCAC","4-12, 2-5 SCAC",01/15/12,Win,163,No Location Recorded,3:00 p.m.,03:56,TIMEOUT TEAM by TEAM,48,46,,-2,2,,,44,20,0.477,0.35,,,57,14,0.404,0.214,03,236
15,Millsaps,Dallas,55-56,55,56,"6-9, 1-6 SCAC","4-12, 2-5 SCAC",01/15/12,Win,163,No Location Recorded,3:00 p.m.,03:56,,48,47,"GOOD FT by MALONE,KYM",-1,2,,,44,20,0.477,0.35,ft,good,58,14,0.414,0.214,03,236
15,Millsaps,Dallas,55-56,55,56,"6-9, 1-6 SCAC","4-12, 2-5 SCAC",01/15/12,Win,163,No Location Recorded,3:00 p.m.,03:56,,48,48,"GOOD FT by MALONE,KYM",0,2,,,44,20,0.477,0.35,ft,good,59,14,0.424,0.214,03,236
15,Millsaps,Dallas,55-56,55,56,"6-9, 1-6 SCAC","4-12, 2-5 SCAC",01/15/12,Win,163,No Location Recorded,3:00 p.m.,03:33,"MISS LAYUP by CORTESE,NICK",48,48,,0,2,layup,miss,45,20,0.467,0.35,,,59,14,0.424,0.214,03,213
15,Millsaps,Dallas,55-56,55,56,"6-9, 1-6 SCAC","4-12, 2-5 SCAC",01/15/12,Win,163,No Location Recorded,3:00 p.m.,03:33,"REBOUND OFF by BERGER,RYAN",48,48,,0,2,,,45,20,0.467,0.35,,,59,14,0.424,0.214,03,213
15,Millsaps,Dallas,55-56,55,56,"6-9, 1-6 SCAC","4-12, 2-5 SCAC",01/15/12,Win,163,No Location Recorded,3:00 p.m.,03:20,"GOOD LAYUP by BERGER,RYAN(in the paint)",50,48,,-2,2,layup,good,46,20,0.478,0.35,,,59,14,0.424,0.214,03,200
15,Millsaps,Dallas,55-56,55,56,"6-9, 1-6 SCAC","4-12, 2-5 SCAC",01/15/12,Win,163,No Location Recorded,3:00 p.m.,03:16,,50,48,"MISS JUMPER by BRUFFEY,TANNER",-2,2,,,46,20,0.478,0.35,jumper,miss,60,14,0.417,0.214,03,196
15,Millsaps,Dallas,55-56,55,56,"6-9, 1-6 SCAC","4-12, 2-5 SCAC",01/15/12,Win,163,No Location Recorded,3:00 p.m.,03:16,"REBOUND DEF by CORTESE,NICK",50,48,,-2,2,,,46,20,0.478,0.35,,,60,14,0.417,0.214,03,196
15,Millsaps,Dallas,55-56,55,56,"6-9, 1-6 SCAC","4-12, 2-5 SCAC",01/15/12,Win,163,No Location Recorded,3:00 p.m.,03:10,"MISS LAYUP by MEADES,TAYLOR",50,48,,-2,2,layup,miss,47,20,0.468,0.35,,,60,14,0.417,0.214,03,190
15,Millsaps,Dallas,55-56,55,56,"6-9, 1-6 SCAC","4-12, 2-5 SCAC",01/15/12,Win,163,No Location Recorded,3:00 p.m.,03:10,"REBOUND OFF by BERGER,RYAN",50,48,,-2,2,,,47,20,0.468,0.35,,,60,14,0.417,0.214,03,190
15,Millsaps,Dallas,55-56,55,56,"6-9, 1-6 SCAC","4-12, 2-5 SCAC",01/15/12,Win,163,No Location Recorded,3:00 p.m.,03:08,"MISS LAYUP by BERGER,RYAN",50,48,,-2,2,layup,miss,48,20,0.458,0.35,,,60,14,0.417,0.214,03,188
15,Millsaps,Dallas,55-56,55,56,"6-9, 1-6 SCAC","4-12, 2-5 SCAC",01/15/12,Win,163,No Location Recorded,3:00 p.m.,03:08,REBOUND DEF by TEAM,50,48,,-2,2,,,48,20,0.458,0.35,,,60,14,0.417,0.214,03,188
15,Millsaps,Dallas,55-56,55,56,"6-9, 1-6 SCAC","4-12, 2-5 SCAC",01/15/12,Win,163,No Location Recorded,3:00 p.m.,03:08,"FOUL  by KINNEAR,KYLE",50,48,,-2,2,foul,,48,20,0.458,0.35,,,60,14,0.417,0.214,03,188
15,Millsaps,Dallas,55-56,55,56,"6-9, 1-6 SCAC","4-12, 2-5 SCAC",01/15/12,Win,163,No Location Recorded,3:00 p.m.,03:02,,50,48,"MISS LAYUP by WYATT,AARON",-2,2,,,48,20,0.458,0.35,layup,miss,61,14,0.41,0.214,03,182
15,Millsaps,Dallas,55-56,55,56,"6-9, 1-6 SCAC","4-12, 2-5 SCAC",01/15/12,Win,163,No Location Recorded,3:00 p.m.,03:02,"REBOUND DEF by KINNEAR,KYLE",50,48,,-2,2,,,48,20,0.458,0.35,,,61,14,0.41,0.214,03,182
15,Millsaps,Dallas,55-56,55,56,"6-9, 1-6 SCAC","4-12, 2-5 SCAC",01/15/12,Win,163,No Location Recorded,3:00 p.m.,02:57,"MISS LAYUP by KINNEAR,KYLE",50,48,,-2,2,layup,miss,49,20,0.449,0.35,,,61,14,0.41,0.214,02,177
15,Millsaps,Dallas,55-56,55,56,"6-9, 1-6 SCAC","4-12, 2-5 SCAC",01/15/12,Win,163,No Location Recorded,3:00 p.m.,02:57,,50,48,"REBOUND DEF by WYATT,AARON",-2,2,,,49,20,0.449,0.35,,,61,14,0.41,0.214,02,177
15,Millsaps,Dallas,55-56,55,56,"6-9, 1-6 SCAC","4-12, 2-5 SCAC",01/15/12,Win,163,No Location Recorded,3:00 p.m.,02:33,,50,48,"MISS 3PTR by ASSINESI,DREW",-2,2,,,49,20,0.449,0.35,3ptr,miss,62,15,0.403,0.2,02,153
15,Millsaps,Dallas,55-56,55,56,"6-9, 1-6 SCAC","4-12, 2-5 SCAC",01/15/12,Win,163,No Location Recorded,3:00 p.m.,02:33,"REBOUND DEF by CORTESE,NICK",50,48,,-2,2,,,49,20,0.449,0.35,,,62,15,0.403,0.2,02,153
15,Millsaps,Dallas,55-56,55,56,"6-9, 1-6 SCAC","4-12, 2-5 SCAC",01/15/12,Win,163,No Location Recorded,3:00 p.m.,02:14,TIMEOUT TEAM by TEAM,50,48,,-2,2,,,49,20,0.449,0.35,,,62,15,0.403,0.2,02,134
15,Millsaps,Dallas,55-56,55,56,"6-9, 1-6 SCAC","4-12, 2-5 SCAC",01/15/12,Win,163,No Location Recorded,3:00 p.m.,02:06,"MISS LAYUP by MEADES,TAYLOR",50,48,,-2,2,layup,miss,50,20,0.44,0.35,,,62,15,0.403,0.2,02,126
15,Millsaps,Dallas,55-56,55,56,"6-9, 1-6 SCAC","4-12, 2-5 SCAC",01/15/12,Win,163,No Location Recorded,3:00 p.m.,02:06,,50,48,"REBOUND DEF by GILE,CURTIS",-2,2,,,50,20,0.44,0.35,,,62,15,0.403,0.2,02,126
15,Millsaps,Dallas,55-56,55,56,"6-9, 1-6 SCAC","4-12, 2-5 SCAC",01/15/12,Win,163,No Location Recorded,3:00 p.m.,01:30,,50,48,TIMEOUT TEAM by TEAM,-2,2,,,50,20,0.44,0.35,,,62,15,0.403,0.2,01,90
15,Millsaps,Dallas,55-56,55,56,"6-9, 1-6 SCAC","4-12, 2-5 SCAC",01/15/12,Win,163,No Location Recorded,3:00 p.m.,01:17,,50,48,"TURNOVER  by MALONE,KYM",-2,2,,,50,20,0.44,0.35,,,62,15,0.403,0.2,01,77
15,Millsaps,Dallas,55-56,55,56,"6-9, 1-6 SCAC","4-12, 2-5 SCAC",01/15/12,Win,163,No Location Recorded,3:00 p.m.,01:15,"STEAL  by BERGER,RYAN",50,48,,-2,2,,,50,20,0.44,0.35,,,62,15,0.403,0.2,01,75
15,Millsaps,Dallas,55-56,55,56,"6-9, 1-6 SCAC","4-12, 2-5 SCAC",01/15/12,Win,163,No Location Recorded,3:00 p.m.,01:01,"MISS 3PTR by CORTESE,NICK",50,48,,-2,2,3ptr,miss,51,21,0.431,0.333,,,62,15,0.403,0.2,01,61
15,Millsaps,Dallas,55-56,55,56,"6-9, 1-6 SCAC","4-12, 2-5 SCAC",01/15/12,Win,163,No Location Recorded,3:00 p.m.,01:01,,50,48,REBOUND DEF by TEAM,-2,2,,,51,21,0.431,0.333,,,62,15,0.403,0.2,01,61
15,Millsaps,Dallas,55-56,55,56,"6-9, 1-6 SCAC","4-12, 2-5 SCAC",01/15/12,Win,163,No Location Recorded,3:00 p.m.,00:54,,50,48,TIMEOUT TEAM by TEAM,-2,2,,,51,21,0.431,0.333,,,62,15,0.403,0.2,00,54
15,Millsaps,Dallas,55-56,55,56,"6-9, 1-6 SCAC","4-12, 2-5 SCAC",01/15/12,Win,163,No Location Recorded,3:00 p.m.,00:34,,50,48,"MISS LAYUP by WYATT,AARON",-2,2,,,51,21,0.431,0.333,layup,miss,63,15,0.397,0.2,00,34
15,Millsaps,Dallas,55-56,55,56,"6-9, 1-6 SCAC","4-12, 2-5 SCAC",01/15/12,Win,163,No Location Recorded,3:00 p.m.,00:34,"REBOUND DEF by BERGER,RYAN",50,48,,-2,2,,,51,21,0.431,0.333,,,63,15,0.397,0.2,00,34
15,Millsaps,Dallas,55-56,55,56,"6-9, 1-6 SCAC","4-12, 2-5 SCAC",01/15/12,Win,163,No Location Recorded,3:00 p.m.,00:30,,50,48,"FOUL  by MALONE,KYM",-2,2,,,51,21,0.431,0.333,foul,,63,15,0.397,0.2,00,30
15,Millsaps,Dallas,55-56,55,56,"6-9, 1-6 SCAC","4-12, 2-5 SCAC",01/15/12,Win,163,No Location Recorded,3:00 p.m.,00:28,,50,48,"FOUL  by BRUFFEY,TANNER",-2,2,,,51,21,0.431,0.333,foul,,63,15,0.397,0.2,00,28
15,Millsaps,Dallas,55-56,55,56,"6-9, 1-6 SCAC","4-12, 2-5 SCAC",01/15/12,Win,163,No Location Recorded,3:00 p.m.,00:26,"FOUL  by MERKEL,BRIAN",50,48,,-2,2,foul,,51,21,0.431,0.333,,,63,15,0.397,0.2,00,26
15,Millsaps,Dallas,55-56,55,56,"6-9, 1-6 SCAC","4-12, 2-5 SCAC",01/15/12,Win,163,No Location Recorded,3:00 p.m.,00:13,,50,50,"GOOD JUMPER by BRUFFEY,TANNER",0,2,,,51,21,0.431,0.333,jumper,good,64,15,0.406,0.2,00,13
15,Millsaps,Dallas,55-56,55,56,"6-9, 1-6 SCAC","4-12, 2-5 SCAC",01/15/12,Win,163,No Location Recorded,3:00 p.m.,00:02,"TURNOVER  by CORTESE,NICK",50,50,,0,2,,,51,21,0.431,0.333,,,64,15,0.406,0.2,00,2
15,Millsaps,Dallas,55-56,55,56,"6-9, 1-6 SCAC","4-12, 2-5 SCAC",01/15/12,Win,163,No Location Recorded,3:00 p.m.,00:02,,50,50,"STEAL  by ASSINESI,DREW",0,2,,,51,21,0.431,0.333,,,64,15,0.406,0.2,00,2
15,Millsaps,Dallas,55-56,55,56,"6-9, 1-6 SCAC","4-12, 2-5 SCAC",01/15/12,Win,163,No Location Recorded,3:00 p.m.,04:45,"MISS 3PTR by CORTESE,NICK",50,50,,0,3,3ptr,miss,52,22,0.423,0.318,,,64,15,0.406,0.2,04,285
15,Millsaps,Dallas,55-56,55,56,"6-9, 1-6 SCAC","4-12, 2-5 SCAC",01/15/12,Win,163,No Location Recorded,3:00 p.m.,04:45,,50,50,"REBOUND DEF by MALONE,KYM",0,3,,,52,22,0.423,0.318,,,64,15,0.406,0.2,04,285
15,Millsaps,Dallas,55-56,55,56,"6-9, 1-6 SCAC","4-12, 2-5 SCAC",01/15/12,Win,163,No Location Recorded,3:00 p.m.,04:30,,50,50,"TURNOVER  by WYATT,AARON",0,3,,,52,22,0.423,0.318,,,64,15,0.406,0.2,04,270
15,Millsaps,Dallas,55-56,55,56,"6-9, 1-6 SCAC","4-12, 2-5 SCAC",01/15/12,Win,163,No Location Recorded,3:00 p.m.,04:11,"GOOD LAYUP by MEADES,TAYLOR(in the paint)",52,50,,-2,3,layup,good,53,22,0.434,0.318,,,64,15,0.406,0.2,04,251
15,Millsaps,Dallas,55-56,55,56,"6-9, 1-6 SCAC","4-12, 2-5 SCAC",01/15/12,Win,163,No Location Recorded,3:00 p.m.,03:45,,52,50,"FOUL  by MALONE,KYM",-2,3,,,53,22,0.434,0.318,foul,,64,15,0.406,0.2,03,225
15,Millsaps,Dallas,55-56,55,56,"6-9, 1-6 SCAC","4-12, 2-5 SCAC",01/15/12,Win,163,No Location Recorded,3:00 p.m.,03:45,,52,50,"TURNOVER  by MALONE,KYM",-2,3,,,53,22,0.434,0.318,,,64,15,0.406,0.2,03,225
15,Millsaps,Dallas,55-56,55,56,"6-9, 1-6 SCAC","4-12, 2-5 SCAC",01/15/12,Win,163,No Location Recorded,3:00 p.m.,03:41,"TURNOVER  by BERGER,RYAN",52,50,,-2,3,,,53,22,0.434,0.318,,,64,15,0.406,0.2,03,221
15,Millsaps,Dallas,55-56,55,56,"6-9, 1-6 SCAC","4-12, 2-5 SCAC",01/15/12,Win,163,No Location Recorded,3:00 p.m.,03:36,,52,50,"MISS JUMPER by STEPHENS,JOE",-2,3,,,53,22,0.434,0.318,jumper,miss,65,15,0.4,0.2,03,216
15,Millsaps,Dallas,55-56,55,56,"6-9, 1-6 SCAC","4-12, 2-5 SCAC",01/15/12,Win,163,No Location Recorded,3:00 p.m.,03:36,"BLOCK  by BERGER,RYAN",52,50,,-2,3,,,53,22,0.434,0.318,,,65,15,0.4,0.2,03,216
15,Millsaps,Dallas,55-56,55,56,"6-9, 1-6 SCAC","4-12, 2-5 SCAC",01/15/12,Win,163,No Location Recorded,3:00 p.m.,03:36,"REBOUND DEF by KINNEAR,KYLE",52,50,,-2,3,,,53,22,0.434,0.318,,,65,15,0.4,0.2,03,216
15,Millsaps,Dallas,55-56,55,56,"6-9, 1-6 SCAC","4-12, 2-5 SCAC",01/15/12,Win,163,No Location Recorded,3:00 p.m.,03:18,,52,50,"MISS JUMPER by BRUFFEY,TANNER",-2,3,,,53,22,0.434,0.318,jumper,miss,66,15,0.394,0.2,03,198
15,Millsaps,Dallas,55-56,55,56,"6-9, 1-6 SCAC","4-12, 2-5 SCAC",01/15/12,Win,163,No Location Recorded,3:00 p.m.,03:18,"REBOUND DEF by MERKEL,BRIAN",52,50,,-2,3,,,53,22,0.434,0.318,,,66,15,0.394,0.2,03,198
15,Millsaps,Dallas,55-56,55,56,"6-9, 1-6 SCAC","4-12, 2-5 SCAC",01/15/12,Win,163,No Location Recorded,3:00 p.m.,02:48,"GOOD 3PTR by MERKEL,BRIAN",55,50,,-5,3,3ptr,good,54,23,0.444,0.348,,,66,15,0.394,0.2,02,168
15,Millsaps,Dallas,55-56,55,56,"6-9, 1-6 SCAC","4-12, 2-5 SCAC",01/15/12,Win,163,No Location Recorded,3:00 p.m.,02:48,"ASSIST  by MEADES,TAYLOR",55,50,,-5,3,,,54,23,0.444,0.348,,,66,15,0.394,0.2,02,168
15,Millsaps,Dallas,55-56,55,56,"6-9, 1-6 SCAC","4-12, 2-5 SCAC",01/15/12,Win,163,No Location Recorded,3:00 p.m.,02:34,,55,50,"MISS 3PTR by BRUFFEY,TANNER",-5,3,,,54,23,0.444,0.348,3ptr,miss,67,16,0.388,0.188,02,154
15,Millsaps,Dallas,55-56,55,56,"6-9, 1-6 SCAC","4-12, 2-5 SCAC",01/15/12,Win,163,No Location Recorded,3:00 p.m.,02:34,"REBOUND DEF by MERKEL,BRIAN",55,50,,-5,3,,,54,23,0.444,0.348,,,67,16,0.388,0.188,02,154
15,Millsaps,Dallas,55-56,55,56,"6-9, 1-6 SCAC","4-12, 2-5 SCAC",01/15/12,Win,163,No Location Recorded,3:00 p.m.,01:31,,55,52,"GOOD JUMPER by STEPHENS,JOE",-3,3,,,54,23,0.444,0.348,jumper,good,68,16,0.397,0.188,01,91
15,Millsaps,Dallas,55-56,55,56,"6-9, 1-6 SCAC","4-12, 2-5 SCAC",01/15/12,Win,163,No Location Recorded,3:00 p.m.,01:31,,55,52,"ASSIST  by ASSINESI,DREW",-3,3,,,54,23,0.444,0.348,,,68,16,0.397,0.188,01,91
15,Millsaps,Dallas,55-56,55,56,"6-9, 1-6 SCAC","4-12, 2-5 SCAC",01/15/12,Win,163,No Location Recorded,3:00 p.m.,01:19,"MISS LAYUP by MEADES,TAYLOR",55,52,,-3,3,layup,miss,55,23,0.436,0.348,,,68,16,0.397,0.188,01,79
15,Millsaps,Dallas,55-56,55,56,"6-9, 1-6 SCAC","4-12, 2-5 SCAC",01/15/12,Win,163,No Location Recorded,3:00 p.m.,01:19,,55,52,"BLOCK  by STEPHENS,JOE",-3,3,,,55,23,0.436,0.348,,,68,16,0.397,0.188,01,79
15,Millsaps,Dallas,55-56,55,56,"6-9, 1-6 SCAC","4-12, 2-5 SCAC",01/15/12,Win,163,No Location Recorded,3:00 p.m.,01:19,,55,52,REBOUND DEF by TEAM,-3,3,,,55,23,0.436,0.348,,,68,16,0.397,0.188,01,79
15,Millsaps,Dallas,55-56,55,56,"6-9, 1-6 SCAC","4-12, 2-5 SCAC",01/15/12,Win,163,No Location Recorded,3:00 p.m.,01:03,,55,54,"GOOD LAYUP by BRUFFEY,TANNER(in the paint)",-1,3,,,55,23,0.436,0.348,layup,good,69,16,0.406,0.188,01,63
15,Millsaps,Dallas,55-56,55,56,"6-9, 1-6 SCAC","4-12, 2-5 SCAC",01/15/12,Win,163,No Location Recorded,3:00 p.m.,01:03,,55,54,"ASSIST  by STEPHENS,JOE",-1,3,,,55,23,0.436,0.348,,,69,16,0.406,0.188,01,63
15,Millsaps,Dallas,55-56,55,56,"6-9, 1-6 SCAC","4-12, 2-5 SCAC",01/15/12,Win,163,No Location Recorded,3:00 p.m.,00:55,TIMEOUT TEAM by TEAM,55,54,,-1,3,,,55,23,0.436,0.348,,,69,16,0.406,0.188,00,55
15,Millsaps,Dallas,55-56,55,56,"6-9, 1-6 SCAC","4-12, 2-5 SCAC",01/15/12,Win,163,No Location Recorded,3:00 p.m.,00:40,"MISS JUMPER by MERKEL,BRIAN",55,54,,-1,3,jumper,miss,56,23,0.429,0.348,,,69,16,0.406,0.188,00,40
15,Millsaps,Dallas,55-56,55,56,"6-9, 1-6 SCAC","4-12, 2-5 SCAC",01/15/12,Win,163,No Location Recorded,3:00 p.m.,00:40,"REBOUND OFF by KINNEAR,KYLE",55,54,,-1,3,,,56,23,0.429,0.348,,,69,16,0.406,0.188,00,40
15,Millsaps,Dallas,55-56,55,56,"6-9, 1-6 SCAC","4-12, 2-5 SCAC",01/15/12,Win,163,No Location Recorded,3:00 p.m.,00:34,"MISS JUMPER by KINNEAR,KYLE",55,54,,-1,3,jumper,miss,57,23,0.421,0.348,,,69,16,0.406,0.188,00,34
15,Millsaps,Dallas,55-56,55,56,"6-9, 1-6 SCAC","4-12, 2-5 SCAC",01/15/12,Win,163,No Location Recorded,3:00 p.m.,00:34,,55,54,"BLOCK  by WYATT,AARON",-1,3,,,57,23,0.421,0.348,,,69,16,0.406,0.188,00,34
15,Millsaps,Dallas,55-56,55,56,"6-9, 1-6 SCAC","4-12, 2-5 SCAC",01/15/12,Win,163,No Location Recorded,3:00 p.m.,00:34,,55,54,"REBOUND DEF by WYATT,AARON",-1,3,,,57,23,0.421,0.348,,,69,16,0.406,0.188,00,34
15,Millsaps,Dallas,55-56,55,56,"6-9, 1-6 SCAC","4-12, 2-5 SCAC",01/15/12,Win,163,No Location Recorded,3:00 p.m.,00:07,,55,54,"MISS JUMPER by ASSINESI,DREW",-1,3,,,57,23,0.421,0.348,jumper,miss,70,16,0.4,0.188,00,7
15,Millsaps,Dallas,55-56,55,56,"6-9, 1-6 SCAC","4-12, 2-5 SCAC",01/15/12,Win,163,No Location Recorded,3:00 p.m.,00:07,,55,54,REBOUND OFF by TEAM,-1,3,,,57,23,0.421,0.348,,,70,16,0.4,0.188,00,7
15,Millsaps,Dallas,55-56,55,56,"6-9, 1-6 SCAC","4-12, 2-5 SCAC",01/15/12,Win,163,No Location Recorded,3:00 p.m.,00:06,,55,54,TIMEOUT TEAM by TEAM,-1,3,,,57,23,0.421,0.348,,,70,16,0.4,0.188,00,6
15,Millsaps,Dallas,55-56,55,56,"6-9, 1-6 SCAC","4-12, 2-5 SCAC",01/15/12,Win,163,No Location Recorded,3:00 p.m.,00:03,,55,56,"GOOD LAYUP by BRUFFEY,TANNER(in the paint)",1,3,,,57,23,0.421,0.348,layup,good,71,16,0.408,0.188,00,3
15,Millsaps,Dallas,55-56,55,56,"6-9, 1-6 SCAC","4-12, 2-5 SCAC",01/15/12,Win,163,No Location Recorded,3:00 p.m.,00:03,,55,56,"ASSIST  by STEPHENS,JOE",1,3,,,57,23,0.421,0.348,,,71,16,0.408,0.188,00,3
